222000111 0.5
222001011 0.5
222001101 0.5
222001110 0.5
222001112 0.5
222001121 0.5
222001122 0.5
222001211 0.5
222001212 0.5
222001221 0.5
222002111 0.5
222002112 0.5
222002121 0.5
222002211 0.5
222010011 0.5
222010101 0.5
222010110 0.5
222010112 0.5
222010121 0.5
222010122 0.5
222010211 0.5
222010212 0.5
222010221 0.5
222011001 0.5
222011010 0.5
222011012 0.5
222011021 0.5
222011022 0.5
222011100 0.5
222011102 0.5
222011120 0.5
222011201 0.5
222011202 0.5
222011210 0.5
222011220 0.5
222011222 0.5
222012011 0.5
222012012 0.5
222012021 0.5
222012101 0.5
222012102 0.5
222012110 0.5
222012120 0.5
222012122 0.5
222012201 0.5
222012210 0.5
222012212 0.5
222012221 0.5
222012222 0.5
222020111 0.5
222020112 0.5
222020121 0.5
222020211 0.5
222021011 0.5
222021012 0.5
222021021 0.5
222021101 0.5
222021102 0.5
222021110 0.5
222021120 0.5
222021122 0.5
222021201 0.5
222021210 0.5
222021212 0.5
222021221 0.5
222021222 0.5
222022011 0.5
222022101 0.5
222022110 0.5
222022112 0.5
222022121 0.5
222022122 0.5
222022211 0.5
222022212 0.5
222022221 0.5
222100011 0.5
222100101 0.5
222100110 0.5
222100112 0.5
222100121 0.5
222100122 0.5
222100211 0.5
222100212 0.5
222100221 0.5
222101001 0.5
222101010 0.5
222101012 0.5
222101021 0.5
222101022 0.5
222101100 0.5
222101102 0.5
222101120 0.5
222101201 0.5
222101202 0.5
222101210 0.5
222101220 0.5
222101222 0.5
222102011 0.5
222102012 0.5
222102021 0.5
222102101 0.5
222102102 0.5
222102110 0.5
222102120 0.5
222102122 0.5
222102201 0.5
222102210 0.5
222102212 0.5
222102221 0.5
222102222 0.5
222110001 0.5
222110010 0.5
222110012 0.5
222110021 0.5
222110022 0.5
222110100 0.5
222110102 0.5
222110120 0.5
222110201 0.5
222110202 0.5
222110210 0.5
222110220 0.5
222110222 0.5
222111000 0.5
222111002 0.5
222111020 0.5
222111200 0.5
222112001 0.5
222112002 0.5
222112010 0.5
222112020 0.5
222112022 0.5
222112100 0.5
222112200 0.5
222112202 0.5
222112220 0.5
222120011 0.5
222120012 0.5
222120021 0.5
222120101 0.5
222120102 0.5
222120110 0.5
222120120 0.5
222120122 0.5
222120201 0.5
222120210 0.5
222120212 0.5
222120221 0.5
222120222 0.5
222121001 0.5
222121002 0.5
222121010 0.5
222121020 0.5
222121022 0.5
222121100 0.5
222121200 0.5
222121202 0.5
222121220 0.5
222122001 0.5
222122010 0.5
222122012 0.5
222122021 0.5
222122022 0.5
222122100 0.5
222122102 0.5
222122120 0.5
222122201 0.5
222122202 0.5
222122210 0.5
222122220 0.5
222122222 0.5
222200111 0.5
222200112 0.5
222200121 0.5
222200211 0.5
222201011 0.5
222201012 0.5
222201021 0.5
222201101 0.5
222201102 0.5
222201110 0.5
222201120 0.5
222201122 0.5
222201201 0.5
222201210 0.5
222201212 0.5
222201221 0.5
222201222 0.5
222202011 0.5
222202101 0.5
222202110 0.5
222202112 0.5
222202121 0.5
222202122 0.5
222202211 0.5
222202212 0.5
222202221 0.5
222210011 0.5
222210012 0.5
222210021 0.5
222210101 0.5
222210102 0.5
222210110 0.5
222210120 0.5
222210122 0.5
222210201 0.5
222210210 0.5
222210212 0.5
222210221 0.5
222210222 0.5
222211001 0.5
222211002 0.5
222211010 0.5
222211020 0.5
222211022 0.5
222211100 0.5
222211200 0.5
222211202 0.5
222211220 0.5
222212001 0.5
222212010 0.5
222212012 0.5
222212021 0.5
222212022 0.5
222212100 0.5
222212102 0.5
222212120 0.5
222212201 0.5
222212202 0.5
222212210 0.5
222212220 0.5
222212222 0.5
222220011 0.5
222220101 0.5
222220110 0.5
222220112 0.5
222220121 0.5
222220122 0.5
222220211 0.5
222220212 0.5
222220221 0.5
222221001 0.5
222221010 0.5
222221012 0.5
222221021 0.5
222221022 0.5
222221100 0.5
222221102 0.5
222221120 0.5
222221201 0.5
222221202 0.5
222221210 0.5
222221220 0.5
222221222 0.5
222222011 0.5
222222012 0.5
222222021 0.5
222222101 0.5
222222102 0.5
222222110 0.5
222222120 0.5
222222122 0.5
222222201 0.5
222222210 0.5
222222212 0.5
222222221 0.5
