000011111 0.5
000011112 1
000011121 1
000011211 1
000012111 0.5
000021111 0.5
000101111 0.5
000101112 1
000101121 1
000101211 1
000102111 0.5
000110111 0.5
000110112 1
000110121 1
000110211 1
000111011 0.5
000111012 0.5
000111021 0.5
000111101 0.5
000111102 0.5
000111110 0.5
000111120 0.5
000111122 0.5
000111201 0.5
000111210 0.5
000111212 0.5
000111221 0.5
000111222 0.5
000112011 1
000112101 1
000112110 1
000112112 0.5
000112121 0.5
000112122 1
000112211 0.5
000112212 1
000112221 1
000120111 0.5
000121011 1
000121101 1
000121110 1
000121112 0.5
000121121 0.5
000121122 1
000121211 0.5
000121212 1
000121221 1
000122111 0.5
000122112 1
000122121 1
000122211 1
000201111 0.5
000210111 0.5
000211011 1
000211101 1
000211110 1
000211112 0.5
000211121 0.5
000211122 1
000211211 0.5
000211212 1
000211221 1
000212111 0.5
000212112 1
000212121 1
000212211 1
000221111 0.5
000221112 1
000221121 1
000221211 1
000222111 0.5
001001111 0.5
001001112 0
001001121 0.5
001001211 0.5
001002111 0.5
001010111 0.5
001010112 0.5
001010121 0.5
001010211 0
001011011 0.5
001011012 1
001011021 0.5
001011101 0.5
001011102 0.5
001011110 0.5
001011120 0.5
001011122 0.5
001011201 0.5
001011210 0
001011212 0.5
001011221 0.5
001011222 0.1175390000065564
001012011 1
001012101 0.5
001012110 0.5
001012112 0.5
001012121 0.5
001012122 0.5
001012211 0.5
001012212 0.11627600000655514
001012221 0
001020111 0.5
001021011 0.5
001021101 0.5
001021110 0
001021112 0.5
001021121 0.5
001021122 0
001021211 0.5
001021212 0
001021221 0.5
001022111 0.5
001022112 0.0
001022121 0
001022211 0
001100111 0.5
001100112 0
001100121 0
001100211 0
001101011 0.5
001101012 0
001101021 0.5
001101101 0.5
001101102 1
001101110 0.5
001101120 1
001101122 0.5
001101201 0.5
001101210 1
001101212 0.5
001101221 0.5
001101222 0
001102011 0
001102101 1
001102110 1
001102112 0.5
001102121 0.5
001102122 0.7618575671943718
001102211 0.5
001102212 0.2730023574482762
001102221 0.2229462850585607
001110011 0.5
001110012 0.5
001110021 0.5
001110101 0.5
001110102 0.5
001110110 0.5
001110120 0.5
001110122 0.5
001110201 0
001110210 0
001110212 0.5
001110221 0.5
001110222 0.0
001111001 0.5
001111002 0.5
001111010 0.5
001111020 0.5
001111022 0.5
001111100 0.5
001111200 0.5
001111202 0.5
001111220 0.5
001112001 0
001112010 0
001112012 0.5
001112021 0.5
001112022 0
001112100 0.5
001112102 0.5
001112120 0.5
001112201 0.5
001112202 0.0
001112210 0.5
001112220 0
001112222 0.5
001120011 0.5
001120101 0
001120110 0
001120112 0.5
001120121 0.5
001120122 0.0
001120211 0.5
001120212 5.165964719095519e-29
001120221 7.8928657303524545e-28
001121001 0.5
001121010 0
001121012 0.5
001121021 0.5
001121022 0
001121100 0
001121102 0.5
001121120 0.5
001121201 0.5
001121202 0.0
001121210 0.5
001121220 0.11848000000655734
001121222 0.5
001122011 0.5
001122012 7.11272130929392e-24
001122021 0
001122101 0.5
001122102 0
001122110 0.5
001122120 0
001122122 0.5
001122201 0
001122210 0.487661993739522
001122212 0.5
001122221 0.5
001122222 0.06984646043360507
001200111 0.5
001201011 0.5
001201101 0.5
001201110 1
001201112 0.5
001201121 0.5
001201122 0.31370580623745686
001201211 0.5
001201212 0.1186340000065575
001201221 0.5
001202111 0.5
001202112 0.10279761263703041
001202121 0
001202211 0
001210011 0.5
001210101 0.5
001210110 0.5
001210112 0.5
001210121 0.5
001210122 0.5
001210211 0.5
001210212 0.0
001210221 0.0
001211001 0.5
001211010 0
001211012 0.5
001211021 0.5
001211022 0
001211100 0.5
001211102 0.5
001211120 0.5
001211201 0.5
001211202 0
001211210 0.5
001211220 0.0
001211222 0.5
001212011 0.5
001212012 0.5194166682318487
001212021 0
001212101 0.5
001212102 0.5
001212110 0.5
001212120 0.5
001212122 0.5
001212201 0
001212210 0.0
001212212 0.5
001212221 0.5
001212222 0.0
001220111 0.5
001220112 0.0
001220121 0.0
001220211 0
001221011 0.5
001221012 0
001221021 0.5
001221101 0.5
001221102 0
001221110 0.5
001221120 0.1880114603169661
001221122 0.5
001221201 0.5
001221210 0.4177958609854682
001221212 0.5
001221221 0.5
001221222 0
001222011 0
001222101 0.0
001222110 0.12032300000655918
001222112 0.5
001222121 0.5
001222122 0.013563630370526904
001222211 0.5
001222212 0.09277449036845148
001222221 0
002001111 0.5
002010111 0.5
002011011 1
002011101 0
002011110 0
002011112 0.5
002011121 0.5
002011122 0
002011211 0.5
002011212 0.4944166755983455
002011221 0.2241218311835531
002012111 0.5
002012112 0
002012121 0
002012211 0.10857986832496691
002021111 0.5
002021112 0.0
002021121 0
002021211 0
002022111 0.5
002100111 0.5
002101011 0
002101101 1
002101110 1
002101112 0.5
002101121 0.5
002101122 0.9999999999999999
002101211 0.5
002101212 0.8125121461462116
002101221 0.21895706888158634
002102111 0.5
002102112 0.29983829478829255
002102121 0.0
002102211 0.0
002110011 0.5
002110101 0
002110110 0
002110112 0.5
002110121 0.5
002110122 0
002110211 0.5
002110212 0.6256842291108545
002110221 0.4608655718448374
002111001 0.5
002111010 0.5
002111012 0.5
002111021 0.5
002111022 0.5
002111100 0.5
002111102 0.5
002111120 0.5
002111201 0.5
002111202 0.5
002111210 0.5
002111220 0.5
002111222 0.5
002112011 0.5
002112012 0.0
002112021 0
002112101 0.5
002112102 0
002112110 0.5
002112120 0
002112122 0.5
002112201 0
002112210 0
002112212 0.5
002112221 0.5
002112222 0.1167420000065556
002120111 0.5
002120112 0.0
002120121 0.0
002120211 0
002121011 0.5
002121012 0.0
002121021 0
002121101 0.5
002121102 0.4977095780929814
002121110 0.5
002121120 0.36747778808776294
002121122 0.5
002121201 0
002121210 0.48410515747970884
002121212 0.5
002121221 0.5
002121222 0.21998341565757976
002122011 0.3034507126526094
002122101 0.812594879830329
002122110 0.7251188467520245
002122112 0.5
002122121 0.5
002122122 0.4831316468289172
002122211 0.5
002122212 0.4798241359356631
002122221 0.40248502426344007
002201111 0.5
002201112 0.11608100000655494
002201121 0
002201211 0.0
002202111 0.5
002210111 0.5
002210112 0
002210121 0.0
002210211 0.0
002211011 0.5
002211012 0.11651300000655537
002211021 0.11605500000655491
002211101 0.5
002211102 0
002211110 0.5
002211120 0.0
002211122 0.5
002211201 0.11571700000655458
002211210 0
002211212 0.5
002211221 0.5
002211222 0.13665047495761107
002212011 0.9999999999999999
002212101 0
002212110 0.2894596921055855
002212112 0.5
002212121 0.5
002212122 0
002212211 0.5
002212212 0.48554668003212204
002212221 0.060981888870989154
002220111 0.5
002221011 0.22076012043957477
002221101 0.3373719866090644
002221110 0.8631065743880855
002221112 0.5
002221121 0.5
002221122 0.18856879755867684
002221211 0.5
002221212 0.41565501031769997
002221221 0.0
002222111 0.5
002222112 0.24511390154195367
002222121 0.0
002222211 0.16607805441354065
010001111 0.5
010001112 0
010001121 0
010001211 0
010002111 0.5
010010111 0.5
010010112 0.5
010010121 0
010010211 0.5
010011011 0.5
010011012 0.5
010011021 1
010011101 0.5
010011102 0.5
010011110 0.5
010011120 0
010011122 0.5
010011201 0.5
010011210 0.5
010011212 0.5
010011221 0.5
010011222 0.0
010012011 0.5
010012101 0.5
010012110 0.5
010012112 0.5
010012121 0.5
010012122 0.0
010012211 0.5
010012212 0.5
010012221 0
010020111 0.5
010021011 1
010021101 0.5
010021110 0
010021112 0.5
010021121 0.5
010021122 7.361938384644581e-27
010021211 0.5
010021212 0.10415873600501857
010021221 0.4210628382980675
010022111 0.5
010022112 0
010022121 0.0
010022211 0
010100111 0.5
010100112 0
010100121 0
010100211 0
010101011 0.5
010101012 1
010101021 1
010101101 0.5
010101102 0.5
010101110 0.5
010101120 1
010101122 0.5
010101201 0.5
010101210 1
010101212 0.5
010101221 0.5
010101222 0.9999999999999999
010102011 1
010102101 0.5
010102110 1
010102112 0.7393000000000012
010102121 0.5
010102122 0.5477233464032116
010102211 0.5
010102212 0.6909267773652619
010102221 0.47098849279133126
010110011 0.5
010110012 0.5
010110021 0
010110101 0.5
010110102 0.5
010110110 0.5
010110120 1
010110122 0.5
010110201 0.5
010110210 0.5
010110212 0.5
010110221 0.5
010110222 0.387864334639652
010111001 0.5
010111002 0.5
010111010 0.5
010111020 0.5
010111022 0.5
010111100 0.5
010111200 0.5
010111202 0.5
010111220 0.5
010112001 0
010112010 0.5
010112012 0.5
010112021 0.5
010112022 0
010112100 0
010112102 0.5
010112120 0.5
010112201 0.5
010112202 0
010112210 0.5
010112220 0.0
010112222 0.5
010120011 0
010120101 0.5
010120110 1
010120112 0.5
010120121 0.5
010120122 0.5865787206665183
010120211 0.5
010120212 0.11726200000655612
010120221 2.72101502486808e-26
010121001 0
010121010 0
010121012 0.5
010121021 0.5
010121022 0
010121100 0
010121102 0.5
010121120 0.5
010121201 0.5
010121202 0.0
010121210 0.5
010121220 0.2551198273460022
010121222 0.5
010122011 0.5
010122012 0.11714800000655601
010122021 0.31713821778303825
010122101 0.5
010122102 5.037266417955923e-13
010122110 0.5
010122120 0.7912863557861781
010122122 0.5
010122201 3.4117120506346313e-16
010122210 0.22354378668055688
010122212 0.5
010122221 0.5
010122222 0.2854687722184801
010200111 0.5
010201011 1
010201101 0.5
010201110 1
010201112 0.5
010201121 0.5
010201122 0.7145600110648356
010201211 0.5
010201212 0.6796970962706851
010201221 0.35783381348471405
010202111 0.5
010202112 0.2201767786765785
010202121 0
010202211 0.0
010210011 0.5
010210101 0.5
010210110 0.5
010210112 0.5
010210121 0.5
010210122 0.11693200000655579
010210211 0.5
010210212 0.5
010210221 0.0
010211001 0
010211010 0.5
010211012 0.5
010211021 0.5
010211022 0
010211100 0
010211102 0.5
010211120 0.5
010211201 0.5
010211202 0.0
010211210 0.5
010211220 0
010211222 0.5
010212011 0.5
010212012 0.5
010212021 0
010212101 0.5
010212102 1.1663994384112297e-13
010212110 0.5
010212120 0
010212122 0.5
010212201 4.2176824976952744e-13
010212210 0.5
010212212 0.5
010212221 0.5
010212222 0.010931577707221127
010220111 0.5
010220112 0
010220121 0.0
010220211 0
010221011 0.5
010221012 0.11577600000655464
010221021 0.6268233680065721
010221101 0.5
010221102 9.742753918128187e-12
010221110 0.5
010221120 0.3074436947638244
010221122 0.5
010221201 1.016859183036454e-15
010221210 0
010221212 0.5
010221221 0.5
010221222 0.24251874538247462
010222011 0
010222101 0.5
010222110 0.0
010222112 0.5
010222121 0.5
010222122 0.061095286415139255
010222211 0.5
010222212 0
010222221 0.26366270695165844
011000111 0.5
011000112 1
011000121 1
011000211 1
011001011 0.5
011001012 1
011001021 0.5
011001101 0.5
011001102 0
011001110 1.0
011001120 1
011001122 0.5
011001201 0.5
011001210 1
011001212 0.5
011001221 0.5
011001222 0
011002011 1
011002101 0
011002110 1
011002112 0.5
011002121 0.5
011002122 0.7752986395517865
011002211 0.5
011002212 0.9999999999999999
011002221 0.11606300000655492
011010011 0.5
011010012 0.5
011010021 1
011010101 0.5
011010102 0.5
011010110 0.5
011010120 0.5
011010122 0.5
011010201 0
011010210 0.5
011010212 0.5
011010221 0.5
011010222 0
011011001 0.5
011011002 1
011011010 0.5
011011020 1
011011022 0.5
011011100 0.5
011011200 0
011011202 0.5
011011220 0.5
011012001 1
011012010 0.5
011012012 0.5
011012021 0.5
011012022 1
011012100 0.5
011012102 0.5
011012120 0.5
011012201 0.5
011012202 0
011012210 0.5
011012220 0.11845600000655732
011012222 0.5
011020011 1
011020101 0
011020110 0
011020112 0.5
011020121 0.5
011020122 0
011020211 0.5
011020212 0
011020221 0.868578058795979
011021001 0.5
011021010 1
011021012 0.5
011021021 0.5
011021022 1
011021100 0
011021102 0.5
011021120 0.5
011021201 0.5
011021202 0
011021210 0.5
011021220 0.6417990362966419
011021222 0.5
011022011 0.5
011022012 1
011022021 1
011022101 0.5
011022102 0.0
011022110 0.5
011022120 0
011022122 0.5
011022201 0.0
011022210 0
011022212 0.6222156800000003
011022221 0.5
011022222 0.4127170708134408
011100011 0.5
011100012 0.5
011100021 0.5
011100101 0.5
011100102 0.5
011100110 0.5
011100120 1
011100122 0.5
011100201 0.5
011100210 1
011100212 0.5
011100221 0.5
011100222 0.9999999999723136
011101001 0.5
011101002 0
011101010 0.5
011101020 1
011101022 0.5
011101100 0.5
011101200 1
011101202 0.5
011101220 0.5
011102001 0
011102010 1
011102012 0.5
011102021 0.5
011102022 0.4439126905664498
011102100 1
011102102 0.5
011102120 0.5
011102201 0.5
011102202 0.6292241914343225
011102210 0.5
011102220 1
011102222 0.5
011110001 0.5
011110002 0.5
011110010 0.5
011110020 0
011110022 0.5
011110100 0.5
011110200 0
011110202 0.5
011110220 0.5
011111000 0.5
011112000 1
011112002 0.5
011112020 0.5
011112200 0.5
011120001 0.5
011120010 0
011120012 0.5
011120021 0.5
011120022 1.2230703955686466e-12
011120100 0
011120102 0.5
011120120 0.5
011120201 0.5
011120202 4.359315360174732e-16
011120210 0.5
011120220 0.5817375040408065
011120222 0.5
011121000 1
011121002 0.5
011121020 0.5
011121200 0.5
011122001 0.5
011122002 0.36472534409246404
011122010 0.5
011122020 0.6646028047383437
011122022 0.5
011122100 0.5
011122200 0.6021520899105562
011122202 0.5
011122220 0.5
011200011 0.5
011200101 0.5
011200110 1
011200112 0.5
011200121 0.5
011200122 0.9999999999999999
011200211 0.5
011200212 0.9999999999999999
011200221 0.9999999988182323
011201001 0.5
011201010 1
011201012 0.5
011201021 0.5
011201022 0
011201100 1
011201102 0.5
011201120 0.5
011201201 0.5
011201202 0.35638532329877864
011201210 0.5
011201220 1
011201222 0.5
011202011 0.5
011202012 0.9999999999999999
011202021 0
011202101 0.5
011202102 0.5271822050582478
011202110 0.5
011202120 1
011202122 0.5
011202201 0
011202210 1
011202212 0.5
011202221 0.5
011202222 0.6615701057649717
011210001 0.5
011210010 0.5
011210012 0.5
011210021 0.5
011210022 0.0
011210100 0.5
011210102 0.5
011210120 0.5
011210201 0.5
011210202 0
011210210 0.5
011210220 0.0
011210222 0.5
011211000 1
011211002 0.5
011211020 0.5
011211200 0.5
011212001 0.5
011212002 0.9999999999999999
011212010 0.5
011212020 0.1170450000065559
011212022 0.5
011212100 0.5
011212200 0.11867000000655753
011212202 0.5
011212220 0.5
011220011 0.5
011220012 0
011220021 0.9999999999986035
011220101 0.5
011220102 0
011220110 0.5
011220120 0.2519070751077063
011220122 0.5
011220201 2.920050438323714e-16
011220210 0.25310620662811845
011220212 0.5
011220221 0.5
011220222 0.3444511566815836
011221001 0.5
011221002 0.0
011221010 0.5
011221020 0.9999999999999999
011221022 0.5
011221100 0.5
011221200 0.7468894635192115
011221202 0.5
011221220 0.5
011222001 0.0
011222010 0
011222012 0.5
011222021 0.5
011222022 0.3824910583846275
011222100 0.10644081280498503
011222102 0.5
011222120 0.5
011222201 0.5
011222202 0.4796587724640112
011222210 0.5
011222220 0.3823592451018944
011222222 0.5
012000111 0.5
012001011 1
012001101 0
012001110 1
012001112 0.5
012001121 0.5
012001122 0.17560418967985908
012001211 0.5
012001212 0.8507585759400719
012001221 0.10342844640302658
012002111 0.5
012002112 0
012002121 0.0
012002211 0
012010011 0.5
012010101 0
012010110 0.5
012010112 0.5
012010121 0.5
012010122 0
012010211 0.5
012010212 0.5
012010221 0.21817621468359136
012011001 1
012011010 0.5
012011012 0.5
012011021 0.5
012011022 1
012011100 0
012011102 0.5
012011120 0.5
012011201 0.5
012011202 0.3886375545924704
012011210 0.5
012011220 0.0
012011222 0.5
012012011 0.5
012012012 0.5
012012021 1
012012101 0.5
012012102 0.0
012012110 0.5
012012120 0
012012122 0.5
012012201 0.6691136078753301
012012210 0.5
012012212 0.5
012012221 0.5
012012222 0
012020111 0.5
012020112 0
012020121 0.15428378507684026
012020211 0.11796900000655683
012021011 0.5
012021012 1
012021021 1
012021101 0.5
012021102 3.7927243344851474e-26
012021110 0.5
012021120 0.21648348242384058
012021122 0.5
012021201 0.0
012021210 0
012021212 0.5
012021221 0.5
012021222 0.3319476354033632
012022011 1
012022101 5.875542434511634e-25
012022110 0.10551332784000693
012022112 0.5
012022121 0.5
012022122 0.05229996879796763
012022211 0.5
012022212 0.33495266791273876
012022221 0.3445170871150616
012100011 0.5
012100101 0.5
012100110 1
012100112 0.5
012100121 0.5
012100122 0.37136113901697254
012100211 0.5
012100212 0.37669900219304964
012100221 3.445281910984727e-13
012101001 0
012101010 1
012101012 0.5
012101021 0.5
012101022 0.6771355386231012
012101100 1
012101102 0.5
012101120 0.5
012101201 0.5
012101202 0.6204866607849007
012101210 0.5
012101220 1
012101222 0.5
012102011 0.5
012102012 0.9999999999999999
012102021 0.4415703092697163
012102101 0.5
012102102 0.9999999999999979
012102110 0.5
012102120 1
012102122 0.5
012102201 2.4892443835088965e-12
012102210 1
012102212 0.5
012102221 0.5
012102222 0.6963922062802688
012110001 0.5
012110010 0.5
012110012 0.5
012110021 0.5
012110022 0.0
012110100 0
012110102 0.5
012110120 0.5
012110201 0.5
012110202 1.1035069115155809e-16
012110210 0.5
012110220 0
012110222 0.5
012111000 0.5
012111002 0.5
012111020 0.5
012111200 0.5
012112001 0.5
012112002 0.0
012112010 0.5
012112020 0.0
012112022 0.5
012112100 0.5
012112200 0
012112202 0.5
012112220 0.5
012120011 0.5
012120012 0.0
012120021 1.395584268892159e-13
012120101 0.5
012120102 2.4655062915698097e-13
012120110 0.5
012120120 0.7758195605877308
012120122 0.5
012120201 0.5
012120210 0.11692300000655578
012120212 0.5
012120221 0.5
012120222 0.17318126507687945
012121001 0.5
012121002 0.08497491635648304
012121010 0.5
012121020 0.11589400000655475
012121022 0.5
012121100 0.5
012121200 0
012121202 0.5
012121220 0.5
012122001 7.988949174234046e-25
012122010 0.11635900000655522
012122012 0.5
012122021 0.5
012122022 0.2632614399272582
012122100 0.28699356962282035
012122102 0.5
012122120 0.5
012122201 0.5
012122202 0.16932158954658433
012122210 0.5
012122220 0.42296149029445873
012122222 0.5
012200111 0.5
012200112 0.10404160624501835
012200121 0
012200211 0.1217400000065606
012201011 0.5
012201012 0.9999999999999999
012201021 0
012201101 0.5
012201102 0.6130933421711892
012201110 0.5
012201120 1
012201122 0.5
012201201 0
012201210 1
012201212 0.5
012201221 0.5
012201222 0.6486228375302371
012202011 0.9999999999999999
012202101 2.7362735061707073e-13
012202110 1
012202112 0.5
012202121 0.5
012202122 0.4729756626432132
012202211 0.5
012202212 0.7133483336197614
012202221 0.10494581912683366
012210011 0.5
012210012 0.5
012210021 0.10922860813998456
012210101 0.5
012210102 0
012210110 0.5
012210120 0.0
012210122 0.5
012210201 1.3612113909396961e-14
012210210 0.5
012210212 0.5
012210221 0.5
012210222 0.01341797889751854
012211001 0.5
012211002 0.5295901432430428
012211010 0.5
012211020 0
012211022 0.5
012211100 0.5
012211200 0
012211202 0.5
012211220 0.5
012212001 0.7135978243488449
012212010 0.5
012212012 0.5
012212021 0.5
012212022 0
012212100 0.0
012212102 0.5
012212120 0.5
012212201 0.5
012212202 0.11156626881953219
012212210 0.5
012212220 0.0472776415270283
012212222 0.26127499999999876
012220011 0.11726700000655613
012220101 3.8670370972249885e-10
012220110 0.507640844505751
012220112 0.5
012220121 0.5
012220122 0.2685415282157528
012220211 0.5
012220212 0
012220221 0.25913030233916723
012221001 0
012221010 0
012221012 0.5
012221021 0.5
012221022 0.38547755559564956
012221100 0.10035111819396945
012221102 0.5
012221120 0.5
012221201 0.5
012221202 0.1994821111863217
012221210 0.5
012221220 0.4575865631993341
012221222 0.5
012222011 0.5
012222012 0.21905049340158572
012222021 0.5200385001778283
012222101 0.5
012222102 0.06784775976355939
012222110 0.5
012222120 0.508142532550967
012222122 0.5
012222201 0.07855569736475213
012222210 0.024581477670448226
012222212 0.5909520306584551
012222221 0.5
012222222 0.22277158119750337
020001111 0.5
020010111 0.5
020011011 1
020011101 0.5
020011110 0
020011112 0.5
020011121 0.5
020011122 0.6266886386522496
020011211 0.5
020011212 0.11709000000655595
020011221 0.9999999999999999
020012111 0.5
020012112 0
020012121 0
020012211 0.12307400000656193
020021111 0.5
020021112 0.0
020021121 0
020021211 0
020022111 0.5
020100111 0.5
020101011 1
020101101 0.5
020101110 1
020101112 0.5
020101121 0.5
020101122 0.9999999999999999
020101211 0.5
020101212 0.9999999999999999
020101221 0.9999999999999999
020102111 0.5
020102112 0.1975798094762153
020102121 0
020102211 0.11625900000655512
020110011 0
020110101 0.5
020110110 1
020110112 0.5
020110121 0.5
020110122 0.9999999999999999
020110211 0.5
020110212 0
020110221 0.43842622926057695
020111001 0.5
020111010 0.5
020111012 0.5
020111021 0.5
020111022 0.5
020111100 0.5
020111102 0.5
020111120 0.5
020111201 0.5
020111202 0.5
020111210 0.5
020111220 0.5
020111222 0.5
020112011 0.5
020112012 0
020112021 0
020112101 0.5
020112102 0
020112110 0.5
020112120 0.22310175739355972
020112122 0.5
020112201 0
020112210 0.5973786766107855
020112212 0.5
020112221 0.5
020112222 0.15560034813410487
020120111 0.5
020120112 0.4749298902785999
020120121 0
020120211 0.21851400823858919
020121011 0.5
020121012 0.11648800000655535
020121021 0
020121101 0.5
020121102 0
020121110 0.5
020121120 0.2956302464108306
020121122 0.5
020121201 0
020121210 0
020121212 0.5
020121221 0.5
020121222 0.41529400415147455
020122011 0.5526077828318516
020122101 0.9999999999983645
020122110 0.9999999999999999
020122112 0.5
020122121 0.5
020122122 0.4581464766457671
020122211 0.5
020122212 0.5267328006824058
020122221 0.38690518239321975
020201111 0.5
020201112 0
020201121 0
020201211 0.11631100000655517
020202111 0.5
020210111 0.5
020210112 0
020210121 0
020210211 0.0
020211011 0.5
020211012 0
020211021 0
020211101 0.5
020211102 0
020211110 0.5
020211120 0.11849600000655736
020211122 0.5
020211201 0
020211210 0.11719700000655606
020211212 0.5
020211221 0.5
020211222 0.14086423263777204
020212011 0.6519581948325327
020212101 0.9999999999999932
020212110 0
020212112 0.5
020212121 0.5
020212122 0.3248813623887033
020212211 0.5
020212212 0.027905746792105782
020212221 0.39792112475998137
020220111 0.5
020221011 0.9999999999999999
020221101 0.9999999999933886
020221110 0.7265632302511126
020221112 0.5
020221121 0.5
020221122 0.5451255032866875
020221211 0.5
020221212 0.5030243300905188
020221221 0.5279552673053837
020222111 0.5
020222112 0.0
020222121 0
020222211 0.14173847919648133
021000111 0.5
021001011 0.5
021001101 0.5
021001110 1
021001112 0.5
021001121 0.5
021001122 0.0
021001211 0.5
021001212 0
021001221 0.5
021002111 0.5
021002112 0
021002121 0
021002211 0
021010011 1
021010101 0.5
021010110 0.5
021010112 0.5
021010121 0.5
021010122 0.5
021010211 0.5
021010212 0.116142000006555
021010221 0.1858124875944021
021011001 0.5
021011010 1
021011012 0.5
021011021 0.5
021011022 1
021011100 0.5
021011102 0.5
021011120 0.5
021011201 0.5
021011202 0.11607600000655494
021011210 0.5
021011220 0.0
021011222 0.5
021012011 0.5
021012012 1
021012021 1
021012101 0.5
021012102 0.5
021012110 0.5
021012120 0.5
021012122 0.5
021012201 0
021012210 0.0
021012212 0.5
021012221 0.5
021012222 0.1059578465290373
021020111 0.5
021020112 0
021020121 0
021020211 0.11583100000655469
021021011 0.5
021021012 1
021021021 0.5
021021101 0.5
021021102 0
021021110 0.5
021021120 0.35168056093500155
021021122 0.5
021021201 0.5
021021210 0.7636164961832521
021021212 0.5
021021221 0.5
021021222 0.15740474636576757
021022011 1
021022101 0
021022110 0.0
021022112 0.5
021022121 0.5
021022122 0.009604658687474376
021022211 0.5
021022212 0.31084690906388074
021022221 0.2816087271645239
021100011 0.5
021100101 0.5
021100110 1
021100112 0.5
021100121 0.5
021100122 0.5120351702329679
021100211 0.5
021100212 0.45613040750031125
021100221 5.360463196988994e-15
021101001 0.5
021101010 1
021101012 0.5
021101021 0.5
021101022 0.36805640458058897
021101100 1
021101102 0.5
021101120 0.5
021101201 0.5
021101202 0
021101210 0.5
021101220 1
021101222 0.5
021102011 0.5
021102012 0.4222497592074777
021102021 0
021102101 0.5
021102102 0.9999999999999999
021102110 0.5
021102120 1
021102122 0.5
021102201 0.0
021102210 1
021102212 0.5
021102221 0.5
021102222 0.5716445240838854
021110001 0.5
021110010 0
021110012 0.5
021110021 0.5
021110022 5.466575525018693e-14
021110100 0.5
021110102 0.5
021110120 0.5
021110201 0.5
021110202 0
021110210 0.5
021110220 0.0
021110222 0.5
021111000 0.5
021111002 0.5
021111020 0.5
021111200 0.5
021112001 0.5
021112002 0
021112010 0.5
021112020 0
021112022 0.5
021112100 0.5
021112200 0.0
021112202 0.5
021112220 0.5
021120011 0.5
021120012 2.673668831274773e-15
021120021 0.5
021120101 0.5
021120102 0.0
021120110 0.5
021120120 0
021120122 0.5
021120201 3.1504937202247612e-15
021120210 0.22202058226201749
021120212 0.5
021120221 0.5
021120222 0.09794777475225744
021121001 0.5
021121002 0
021121010 0.5
021121020 0.11731600000655618
021121022 0.5
021121100 0.5
021121200 0
021121202 0.5
021121220 0.5
021122001 0
021122010 0.4750723497537255
021122012 0.5
021122021 0.5
021122022 0.2650752793872233
021122100 0
021122102 0.5
021122120 0.5
021122201 0.5
021122202 0.04463484093304371
021122210 0.5
021122220 0.37128775777560724
021122222 0.5
021200111 0.5
021200112 0.1159370000065548
021200121 0.0
021200211 0
021201011 0.5
021201012 0.0
021201021 0.5
021201101 0.5
021201102 0.21957685819658235
021201110 0.5
021201120 1
021201122 0.62499960000032
021201201 0.5
021201210 1
021201212 0.5
021201221 0.5
021201222 0.02541711922198463
021202011 0
021202101 0.0
021202110 1
021202112 0.5
021202121 0.5
021202122 0.6201733355407597
021202211 0.5
021202212 0.4970909868383004
021202221 0.0
021210011 0.5
021210012 0
021210021 0.9999999999997813
021210101 0.5
021210102 0.5
021210110 0.5
021210120 0.5
021210122 0.5
021210201 0.0
021210210 0.0
021210212 0.5
021210221 0.5
021210222 0
021211001 0.5
021211002 0
021211010 0.5
021211020 0.2244089763615513
021211022 0.5
021211100 0.5
021211200 0.11880100000655766
021211202 0.5
021211220 0.5
021212001 0
021212010 0.31026082250420983
021212012 0.5
021212021 0.5
021212022 0.4436623472805825
021212100 0.5
021212102 0.5
021212120 0.5
021212201 0.5
021212202 0.11638000000655523
021212210 0.5
021212220 0.0
021212222 0.5
021220011 0.999999999999989
021220101 0
021220110 0.1159450000065548
021220112 0.5
021220121 0.5
021220122 0.1170530000065559
021220211 0.5
021220212 0.13753869419798717
021220221 0.16265063857542975
021221001 0.5
021221010 0.579946185653581
021221012 0.5
021221021 0.5
021221022 0.16736884751784792
021221100 0
021221102 0.5
021221120 0.5
021221201 0.5
021221202 0.02078699919868577
021221210 0.5
021221220 0.4846998532724735
021221222 0.5
021222011 0.5
021222012 0.3355181996062029
021222021 0.22247363053143962
021222101 0.5
021222102 0.017918963947691602
021222110 0.5
021222120 0
021222122 0.5
021222201 0.0
021222210 0.38239093431829374
021222212 0.5
021222221 0.5
021222222 0.26970947654818
022001111 0.5
022001112 0
022001121 0
022001211 0
022002111 0.5
022010111 0.5
022010112 0
022010121 0.0
022010211 0.11798300000655684
022011011 0.5
022011012 1
022011021 1
022011101 0.5
022011102 0.0
022011110 0.5
022011120 0.0
022011122 0.5
022011201 0.12276900000656163
022011210 0
022011212 0.5
022011221 0.5
022011222 0.3251924929466277
022012011 1
022012101 0
022012110 0
022012112 0.5
022012121 0.5
022012122 0.0
022012211 0.5
022012212 0.09462691149317157
022012221 0.3539398066267783
022020111 0.5
022021011 1
022021101 0
022021110 0.4611597777186841
022021112 0.5
022021121 0.5
022021122 0.12239431366262245
022021211 0.5
022021212 0.296114704191607
022021221 0
022022111 0.5
022022112 0.042817148049842636
022022121 0.0
022022211 0.08504523916032962
022100111 0.5
022100112 0
022100121 0.0
022100211 0.0
022101011 0.5
022101012 0.5132761467534342
022101021 0.11676200000655562
022101101 0.5
022101102 0.9999999999999999
022101110 0.5
022101120 1
022101122 0.5
022101201 0.0
022101210 1
022101212 0.5
022101221 0.5
022101222 0.8074310586706334
022102011 0.43541013406115936
022102101 0.9999999999999941
022102110 1
022102112 0.5
022102121 0.5
022102122 0.5309702634985847
022102211 0.5
022102212 0.4710398321347997
022102221 0.15412368869308665
022110011 0.5
022110012 0.0
022110021 5.336516160541173e-13
022110101 0.5
022110102 0.0
022110110 0.5
022110120 0.3151637867513771
022110122 0.5
022110201 2.3138256518215034e-12
022110210 0
022110212 0.5
022110221 0.5
022110222 0.1776937823400142
022111001 0.5
022111002 0.5
022111010 0.5
022111020 0.5
022111022 0.5
022111100 0.5
022111200 0.5
022111202 0.5
022111220 0.5
022112001 0.0
022112010 0.0
022112012 0.5
022112021 0.5
022112022 0.0
022112100 0.0
022112102 0.5
022112120 0.5
022112201 0.5
022112202 0.0
022112210 0.5
022112220 0.05225051942576583
022112222 0.5
022120011 4.645136453900161e-12
022120101 5.010733360020832e-18
022120110 0.5959338653408741
022120112 0.5
022120121 0.5
022120122 0.23115025399774652
022120211 0.5
022120212 0.24190110857571906
022120221 0.06771114741568494
022121001 0
022121010 0
022121012 0.5
022121021 0.5
022121022 0
022121100 0.0
022121102 0.5
022121120 0.5
022121201 0.5
022121202 0
022121210 0.5
022121220 0.18099696929215472
022121222 0.5
022122011 0.5
022122012 0.22295138180527033
022122021 0.10502969121084751
022122101 0.5
022122102 0.2194376152198115
022122110 0.5
022122120 0.2900447717706558
022122122 0.6803536689531258
022122201 0.1296752560696676
022122210 0.4203007503018885
022122212 0.5
022122221 0.5
022122222 0.37258518578544797
022200111 0.5
022201011 0
022201101 0
022201110 1
022201112 0.5
022201121 0.5
022201122 0.5206484083931954
022201211 0.5
022201212 0.35939584621604265
022201221 0.013636867730531094
022202111 0.5
022202112 0.023911341486396807
022202121 0
022202211 0.0
022210011 0.2461276675995046
022210101 0
022210110 0.0
022210112 0.5
022210121 0.5
022210122 0.0
022210211 0.5
022210212 0.0
022210221 0.15839902920359575
022211001 0
022211010 0.0
022211012 0.5
022211021 0.5
022211022 0.10336133866502493
022211100 0.0
022211102 0.5
022211120 0.5
022211201 0.5
022211202 0.0
022211210 0.5
022211220 0.0
022211222 0.5
022212011 0.5
022212012 0.2201750944515785
022212021 0.24694653933797717
022212101 0.5
022212102 0.07074387814348919
022212110 0.5
022212120 0.015333730997886506
022212122 0.5
022212201 0.025976009595610475
022212210 0.0
022212212 0.6459029311571485
022212221 0.5
022212222 0.085484754810071
022220111 0.5
022220112 0.0
022220121 3.771249460614748e-11
022220211 0.025508801279228114
022221011 0.5
022221012 0.3389599264579964
022221021 0.10571919858729462
022221101 0.5
022221102 0.16273146380242423
022221110 0.5
022221120 0.361426432989117
022221122 0.3830171549999991
022221201 0.02443003380320742
022221210 0.4005876714056008
022221212 0.5
022221221 0.5
022221222 0.22957126822231205
022222011 0.5300973721546126
022222101 0.24156138982119638
022222110 0.48430042385977723
022222112 0.5
022222121 0.5
022222122 0.16004116225392617
022222211 0.5
022222212 0.22386954592058
022222221 0.1233508359002456
100001111 0.5
100001112 0
100001121 0
100001211 0
100002111 0.5
100010111 0.5
100010112 0
100010121 0.5
100010211 0.5
100011011 0.5
100011012 0
100011021 0.5
100011101 0.5
100011102 0
100011110 0.5
100011120 0.5
100011122 0.5
100011201 0.5
100011210 0.5
100011212 0.5
100011221 0.5
100011222 0.0
100012011 0.5
100012101 0.5
100012110 0.5
100012112 0.5
100012121 0.5
100012122 0
100012211 0.5
100012212 0
100012221 0.5
100020111 0.5
100021011 0
100021101 0
100021110 0.5
100021112 0.5
100021121 0.5
100021122 8.525104417819939e-27
100021211 0.5
100021212 2.2218375087399238e-26
100021221 0.0
100022111 0.5
100022112 0
100022121 0
100022211 0.0
100100111 0.5
100100112 0.5
100100121 0.5
100100211 0
100101011 0.5
100101012 1
100101021 1
100101101 0.5
100101102 0.5
100101110 0.5
100101120 0.5
100101122 0.5
100101201 1
100101210 0
100101212 0.5
100101221 0.5
100101222 0.5755066087122734
100102011 1
100102101 0.5
100102110 0.5
100102112 0.5
100102121 0.5
100102122 0.5
100102211 0.5
100102212 0
100102221 0.2277852732355295
100110011 0.5
100110012 0
100110021 0.5
100110101 0.5
100110102 0.5
100110110 0.5
100110120 0.5
100110122 0.5
100110201 0.5
100110210 1
100110212 0.5
100110221 0.5
100110222 0
100111001 0.5
100111002 0.5
100111010 0.5
100111020 0.5
100111022 0.5
100111100 0.5
100111200 0.5
100111202 0.5
100111220 0.5
100112001 0.5
100112010 0
100112012 0.5
100112021 0.5
100112022 0.0
100112100 0.5
100112102 0.5
100112120 0.5
100112201 0.5
100112202 0
100112210 0.5
100112220 0.11577800000655464
100112222 0.5
100120011 0
100120101 0.5
100120110 0.5
100120112 0.5
100120121 0.5
100120122 0.5
100120211 0.5
100120212 0.0
100120221 0
100121001 0
100121010 0
100121012 0.5
100121021 0.5
100121022 0
100121100 0.5
100121102 0.5
100121120 0.5
100121201 0.5
100121202 0.0
100121210 0.5
100121220 0
100121222 0.5
100122011 0.5
100122012 0.2162877153168405
100122021 0.0
100122101 0.5
100122102 0.5
100122110 0.5
100122120 0.5
100122122 0.5
100122201 0
100122210 0.0
100122212 0.5
100122221 0.5
100122222 0.02332266707254971
100200111 0.5
100201011 1
100201101 1
100201110 0
100201112 0.5
100201121 0.5
100201122 0.10274052237303323
100201211 0.5
100201212 0.3300294486059367
100201221 0.9547368394307467
100202111 0.5
100202112 0.0
100202121 0
100202211 0
100210011 0.5
100210101 0.5
100210110 1
100210112 0.5
100210121 0.5
100210122 0
100210211 0.5
100210212 0.4073539358060866
100210221 0.5
100211001 0.5
100211010 0
100211012 0.5
100211021 0.5
100211022 0
100211100 0
100211102 0.5
100211120 0.5
100211201 0.5
100211202 0.0
100211210 0.5
100211220 0
100211222 0.5
100212011 0.5
100212012 0
100212021 0.5
100212101 0.5
100212102 0.0
100212110 0.5
100212120 0.11668600000655555
100212122 0.5
100212201 0.5
100212210 0.41142072021068843
100212212 0.5
100212221 0.5
100212222 0.0
100220111 0.5
100220112 0
100220121 0
100220211 0
100221011 0.5
100221012 0.196320074293985
100221021 0.20649273774774257
100221101 0.5
100221102 0.10439849665801561
100221110 0.5
100221120 0
100221122 0.5
100221201 0.0
100221210 7.467687799180787e-26
100221212 0.5
100221221 0.5
100221222 0.12183055172286468
100222011 0.1952351633709893
100222101 0
100222110 0
100222112 0.5
100222121 0.5
100222122 0
100222211 0.5
100222212 0.1771427865637803
100222221 0.057051102720342486
101000111 0.5
101000112 1
101000121 1
101000211 1
101001011 0.5
101001012 0
101001021 0.5
101001101 0.5
101001102 1
101001110 0.5
101001120 0.5
101001122 0.5
101001201 0.5
101001210 0.5
101001212 0.5
101001221 0.5
101001222 0.10774738586995529
101002011 0
101002101 1
101002110 0.5
101002112 0.5
101002121 0.5
101002122 0.9999999999999999
101002211 0.5
101002212 0.7292148887510306
101002221 0.11659300000655545
101010011 0.5
101010012 0
101010021 0.5
101010101 0.5
101010102 0.5
101010110 0.5
101010120 0.5
101010122 0.5
101010201 0.5
101010210 0
101010212 0.5
101010221 0.5
101010222 0
101011001 0.5
101011002 0
101011010 0.5
101011020 0.0
101011022 0.5
101011100 0.5
101011200 0
101011202 0.2536499999999996
101011220 0.5
101012001 0.5
101012010 0.5
101012012 0.5
101012021 0.5
101012022 0
101012100 0.5
101012102 0.5
101012120 0.5
101012201 0.5
101012202 0
101012210 0.5
101012220 0
101012222 0.5
101020011 0
101020101 0
101020110 0
101020112 0.5
101020121 0.5
101020122 0.3204813352431769
101020211 0.5
101020212 0.49027531478718667
101020221 0
101021001 0.5
101021010 0.5
101021012 0.5
101021021 0.5
101021022 0
101021100 0
101021102 0.5
101021120 0.5
101021201 0.5
101021202 0
101021210 0.5
101021220 8.169850458498873e-15
101021222 0.5
101022011 0.5
101022012 4.7542326664919496e-24
101022021 0.0
101022101 0.5
101022102 0.11629800000655516
101022110 0.5
101022120 0.0
101022122 0.6193894112500006
101022201 0
101022210 3.1685974917640057e-10
101022212 0.5
101022221 0.5
101022222 0.16335240824227762
101100011 0.5
101100012 0.5
101100021 0.5
101100101 0.5
101100102 0.5
101100110 0.5
101100120 0.5
101100122 0.5
101100201 1
101100210 0
101100212 0.5
101100221 0.5
101100222 0
101101001 0.5
101101002 1
101101010 0.5
101101020 0.0
101101022 0.5
101101100 0.5
101101200 1
101101202 0.5
101101220 0.5
101102001 1
101102010 0.5
101102012 0.5
101102021 0.5
101102022 0.9999999999999301
101102100 0.5
101102102 0.5
101102120 0.5
101102201 0.5
101102202 1
101102210 0.5
101102220 0
101102222 0.5
101110001 0.5
101110002 0
101110010 0.5
101110020 0.5
101110022 0.5
101110100 0.5
101110200 0
101110202 0.25574999999999937
101110220 0.5
101111000 0.5
101112000 1
101112002 0.5
101112020 0.5
101112200 0.5
101120001 0
101120010 0.5
101120012 0.5
101120021 0.5
101120022 8.989291031520656e-12
101120100 0.5
101120102 0.5
101120120 0.5
101120201 0.5
101120202 0.1165350000065554
101120210 0.5
101120220 0.0
101120222 0.5
101121000 1
101121002 0.5
101121020 0.5
101121200 0.5
101122001 0.5
101122002 0.8276003417491826
101122010 0.5
101122020 0.9999999999959864
101122022 0.5
101122100 0.5
101122200 0.3949810096484943
101122202 0.5
101122220 0.5
101200011 0.5
101200101 1
101200110 0
101200112 0.5
101200121 0.5
101200122 0
101200211 0.5
101200212 0.7460013710797173
101200221 0.9999999999999999
101201001 0.5
101201010 0.5
101201012 0.5
101201021 0.5
101201022 0.2215358697115698
101201100 1
101201102 0.5
101201120 0.5
101201201 0.5
101201202 1
101201210 0.5
101201220 0.9999999999986382
101201222 0.5
101202011 0.5
101202012 1.0672927026676565e-11
101202021 0
101202101 0.5
101202102 1
101202110 0.5
101202120 0.282485352331054
101202122 0.5
101202201 1
101202210 7.515542258918333e-17
101202212 0.5
101202221 0.5
101202222 0.4549909819706886
101210001 0.5
101210010 0.5
101210012 0.5
101210021 0.5
101210022 0.0
101210100 0.5
101210102 0.5
101210120 0.5
101210201 0.5
101210202 0
101210210 0.5
101210220 0
101210222 0.5
101211000 1
101211002 0.5
101211020 0.5
101211200 0.5
101212001 0.5
101212002 0
101212010 0.5
101212020 0.9999999999999937
101212022 0.5
101212100 0.5
101212200 0.11593300000655479
101212202 0.5
101212220 0.5
101220011 0.5
101220012 7.066416914183764e-11
101220021 0
101220101 0.5
101220102 0.11576400000655462
101220110 0.5
101220120 0
101220122 0.5
101220201 0.11599400000655485
101220210 1.248847179766185e-25
101220212 0.5
101220221 0.5
101220222 0.08834133211841143
101221001 0.5
101221002 0.0
101221010 0.5
101221020 0.9999999999999989
101221022 0.5
101221100 0.5
101221200 0.7884265126126404
101221202 0.5
101221220 0.5
101222001 0
101222010 0.5
101222012 0.5
101222021 0.5
101222022 0.20327032686026644
101222100 0.22532569130054536
101222102 0.5
101222120 0.5
101222201 0.5
101222202 0.4496301160275186
101222210 0.5
101222220 0.1907174072766116
101222222 0.5
102000111 0.5
102001011 0
102001101 1
102001110 0.5
102001112 0.5
102001121 0.5
102001122 0.6040732107989213
102001211 0.5
102001212 4.625287840525143e-26
102001221 0
102002111 0.5
102002112 0.10494848309000483
102002121 0
102002211 0
102010011 0.5
102010101 0.5
102010110 0
102010112 0.5
102010121 0.5
102010122 0
102010211 0.5
102010212 0
102010221 0.5
102011001 0.5
102011010 0.5
102011012 0.5
102011021 0.5
102011022 0.0
102011100 0
102011102 0.5
102011120 0.5
102011201 0.5
102011202 0
102011210 0.5
102011220 4.82077398523651e-17
102011222 0.5
102012011 0.5
102012012 0.0
102012021 0.5
102012101 0.5
102012102 0
102012110 0.5
102012120 0.0
102012122 0.5
102012201 0.5
102012210 5.324417751557625e-16
102012212 0.5
102012221 0.5
102012222 0.0
102020111 0.5
102020112 0.19968765822163925
102020121 0
102020211 0.11598800000655485
102021011 0.5
102021012 8.613514041271172e-24
102021021 0
102021101 0.5
102021102 0.17607415642411844
102021110 0.5
102021120 4.221596238449562e-16
102021122 0.5
102021201 0
102021210 0.5
102021212 0.5
102021221 0.5
102021222 0.04485943751720797
102022011 0.0
102022101 0.21816825604559142
102022110 2.9613774120979553e-16
102022112 0.5
102022121 0.5
102022122 0.12170264050953936
102022211 0.5
102022212 0.0464970471847883
102022221 0.0
102100011 0.5
102100101 0.5
102100110 0.5
102100112 0.5
102100121 0.5
102100122 0.5
102100211 0.5
102100212 0
102100221 0
102101001 1
102101010 0.5
102101012 0.5
102101021 0.5
102101022 0.9999999999999999
102101100 0.5
102101102 0.5
102101120 0.5
102101201 0.5
102101202 1
102101210 0.5
102101220 0.11686100000655572
102101222 0.5
102102011 0.5
102102012 0.999999999995768
102102021 0.9999999999999999
102102101 0.5
102102102 0.5
102102110 0.5
102102120 0.5
102102122 0.5
102102201 1
102102210 0.0
102102212 0.5
102102221 0.5
102102222 0.17024603296095028
102110001 0.5
102110010 0.5
102110012 0.5
102110021 0.5
102110022 0
102110100 0.5
102110102 0.5
102110120 0.5
102110201 0.5
102110202 0
102110210 0.5
102110220 0.11730700000655617
102110222 0.5
102111000 0.5
102111002 0.5
102111020 0.5
102111200 0.5
102112001 0.5
102112002 0
102112010 0.5
102112020 0.0
102112022 0.5
102112100 0.5
102112200 0
102112202 0.5
102112220 0.5
102120011 0.5
102120012 1.3198870319704957e-13
102120021 0.0
102120101 0.5
102120102 0.5
102120110 0.5
102120120 0.5
102120122 0.5
102120201 0
102120210 0
102120212 0.5
102120221 0.5
102120222 1.3700338582597141e-14
102121001 0.5
102121002 0.0
102121010 0.5
102121020 0.1994682886811382
102121022 0.5
102121100 0.5
102121200 0.11752300000655638
102121202 0.5
102121220 0.5
102122001 0
102122010 1.0294191752126094e-12
102122012 0.5
102122021 0.5
102122022 0.45863853853457337
102122100 0.5
102122102 0.5
102122120 0.5
102122201 0.5
102122202 0.0
102122210 0.5
102122220 0.0
102122222 0.5
102200111 0.5
102200112 0.11597600000655484
102200121 0.11756200000655642
102200211 0.12171100000656057
102201011 0.5
102201012 0.3934006741889852
102201021 0
102201101 0.5
102201102 1
102201110 0.5
102201120 0.3949533633880904
102201122 0.5
102201201 1
102201210 1.508911642560605e-11
102201212 0.5
102201221 0.5
102201222 0.5321341055386383
102202011 0.49059142599320343
102202101 1
102202110 0
102202112 0.5
102202121 0.5
102202122 0.35961871501868414
102202211 0.5
102202212 0.18051379495123596
102202221 0.4313304337875083
102210011 0.5
102210012 0.0
102210021 0.5
102210101 0.5
102210102 0
102210110 0.5
102210120 0.0
102210122 0.5
102210201 0.5
102210210 0.6297506115726261
102210212 0.5
102210221 0.5
102210222 0.05147944383809591
102211001 0.5
102211002 0
102211010 0.5
102211020 0
102211022 0.5
102211100 0.5
102211200 0
102211202 0.5
102211220 0.5
102212001 0.5
102212010 9.999116876621256e-15
102212012 0.5
102212021 0.5
102212022 1.4142208432160672e-15
102212100 0.0
102212102 0.5
102212120 0.5
102212201 0.5
102212202 0
102212210 0.5
102212220 0.0408592169920986
102212222 0.5
102220011 0.0
102220101 0
102220110 0
102220112 0.5
102220121 0.5
102220122 0.0
102220211 0.5
102220212 0.1028877183890312
102220221 0
102221001 0.11578900000655465
102221010 5.1302435501027236e-14
102221012 0.5
102221021 0.5
102221022 0.2408218914384841
102221100 0.0
102221102 0.5
102221120 0.5
102221201 0.5
102221202 0.26356655435496784
102221210 0.5
102221220 0.08140371462235008
102221222 0.5
102222011 0.5
102222012 0.10730939680383811
102222021 0.0
102222101 0.5
102222102 0
102222110 0.5
102222120 0.04510170514632128
102222122 0.5
102222201 0.1008272489690701
102222210 0.1023708693046894
102222212 0.5
102222221 0.5
102222222 0.08810490145350298
110000111 0.5
110000112 1
110000121 1
110000211 1
110001011 0.5
110001012 1
110001021 1
110001101 0.5
110001102 0.5
110001110 0.5
110001120 0.5
110001122 0.5
110001201 0.5
110001210 0.5
110001212 0.5
110001221 0.5
110001222 0.9999999999999751
110002011 1
110002101 0.5
110002110 0.5
110002112 0.5
110002121 0.5
110002122 0.9999999999983609
110002211 0.5
110002212 0.9999999999999999
110002221 0.9999999999999999
110010011 0.5
110010012 0.5
110010021 0.5
110010101 0.5
110010102 0
110010110 0.5
110010120 1
110010122 0.5
110010201 0.5
110010210 0.5
110010212 0.5
110010221 0.5
110010222 0
110011001 0.5
110011002 0
110011010 0.5
110011020 0
110011022 0.5
110011100 0.5
110011200 0.5
110011202 0.5
110011220 0.5
110012001 0.5
110012010 0.5
110012012 0.5
110012021 0.5
110012022 0.0
110012100 0.5
110012102 0.5
110012120 0.5
110012201 0.5
110012202 0.0
110012210 0.5
110012220 0.1200420000065589
110012222 0.5
110020011 0
110020101 0
110020110 1
110020112 0.5
110020121 0.5
110020122 0.6513731656933418
110020211 0.5
110020212 0
110020221 0
110021001 0
110021010 0
110021012 0.5
110021021 0.5
110021022 0.5415399090556968
110021100 0.5
110021102 0.5
110021120 0.5
110021201 0.5
110021202 3.482904815070676e-14
110021210 0.5
110021220 3.720384105905678e-15
110021222 0.5
110022011 0.5
110022012 0.3020944155918383
110022021 0
110022101 0.5
110022102 1.5690658202381564e-15
110022110 0.5
110022120 0.9999999999999997
110022122 0.5
110022201 0
110022210 0.3036938397443933
110022212 0.6857645407781252
110022221 0.5
110022222 0.09378811806566607
110100011 0.5
110100012 1
110100021 1
110100101 0.5
110100102 0.5
110100110 0.5
110100120 0.5
110100122 0.5
110100201 0
110100210 1
110100212 0.5
110100221 0.5
110100222 0
110101001 0.5
110101002 1
110101010 0.5
110101020 1
110101022 0.5
110101100 0.5
110101200 0
110101202 0.5
110101220 0.5
110102001 1
110102010 1
110102012 0.5
110102021 0.5
110102022 1
110102100 0.5
110102102 0.5
110102120 0.5
110102201 0.5
110102202 0.0
110102210 0.5
110102220 0.2237400830195556
110102222 0.5
110110001 0.5
110110002 0
110110010 0.5
110110020 1
110110022 0.5
110110100 0.5
110110200 1
110110202 0.5
110110220 0.5
110111000 0.5
110112000 1
110112002 0.5
110112020 0.5
110112200 0.5
110120001 0
110120010 1
110120012 0.5
110120021 0.5
110120022 0.6571909858382065
110120100 0.5
110120102 0.5
110120120 0.5
110120201 0.5
110120202 0.11578100000655464
110120210 0.5
110120220 1
110120222 0.5
110121000 1
110121002 0.5
110121020 0.5
110121200 0.5
110122001 0.5
110122002 0.7310913052380974
110122010 0.5
110122020 0.9999999999999999
110122022 0.5
110122100 0.5
110122200 0.21799317144159253
110122202 0.5
110122220 0.5
110200011 1
110200101 0
110200110 1
110200112 0.5
110200121 0.5
110200122 0.1162360000065551
110200211 0.5
110200212 0.9999999999999999
110200221 0.7365036014083373
110201001 1
110201010 1
110201012 0.5
110201021 0.5
110201022 1
110201100 0
110201102 0.5
110201120 0.5
110201201 0.5
110201202 0.33268422125713276
110201210 0.5
110201220 0.6046434627751438
110201222 0.5
110202011 0.5
110202012 1
110202021 1
110202101 0.5
110202102 0
110202110 0.5
110202120 0
110202122 0.5
110202201 0.7500656196782414
110202210 0.9999999999999999
110202212 0.5
110202221 0.5
110202222 0.6171138993942605
110210001 0.5
110210010 0.5
110210012 0.5
110210021 0.5
110210022 0
110210100 1
110210102 0.5
110210120 0.5
110210201 0.5
110210202 0.0
110210210 0.5
110210220 1
110210222 0.5
110211000 1
110211002 0.5
110211020 0.5
110211200 0.5
110212001 0.5
110212002 0.17895840901822205
110212010 0.5
110212020 0
110212022 0.5
110212100 0.5
110212200 0.9999999999999999
110212202 0.5
110212220 0.5
110220011 0.5
110220012 0.3208462202857867
110220021 0
110220101 0.5
110220102 0.11568000000655454
110220110 0.5
110220120 1
110220122 0.5
110220201 0
110220210 1
110220212 0.5
110220221 0.5
110220222 0.34793171105939064
110221001 0.5
110221002 0.5826464508830265
110221010 0.5
110221020 0.7048908101464407
110221022 0.5
110221100 0.5
110221200 0.3818613318159496
110221202 0.5
110221220 0.5
110222001 0.3109962946347525
110222010 0.22787570998652895
110222012 0.5
110222021 0.5
110222022 0.4499780418389112
110222100 0
110222102 0.5
110222120 0.5
110222201 0.5
110222202 0.29042476552861896
110222210 0.5
110222220 0.4820339506393004
110222222 0.5
111000011 0.5
111000012 0.5
111000021 0.5
111000101 0.5
111000102 0.5
111000110 0.5
111000120 0.5
111000122 0.5
111000201 0.5
111000210 0.5
111000212 0.5
111000221 0.5
111000222 0.5
111001001 0.5
111001002 0.5
111001010 0.5
111001020 0.5
111001022 0.5
111001100 0.5
111001200 0.5
111001202 0.5
111001220 0.5
111002001 0.5
111002010 0.5
111002012 0.5
111002021 0.5
111002022 0.5
111002100 0.5
111002102 0.5
111002120 0.5
111002201 0.5
111002202 0.5
111002210 0.5
111002220 0.5
111002222 0.5
111010001 0.5
111010002 0.5
111010010 0.5
111010020 0.5
111010022 0.5
111010100 0.5
111010200 0.5
111010202 0.5
111010220 0.5
111011000 0.5
111012000 0.5
111012002 0.5
111012020 0.5
111012200 0.5
111020001 0.5
111020010 0.5
111020012 0.5
111020021 0.5
111020022 0.5
111020100 0.5
111020102 0.5
111020120 0.5
111020201 0.5
111020202 0.5
111020210 0.5
111020220 0.5
111020222 0.5
111021000 0.5
111021002 0.5
111021020 0.5
111021200 0.5
111022001 0.5
111022002 0.5
111022010 0.5
111022020 0.5
111022022 0.5
111022100 0.5
111022200 0.5
111022202 0.5
111022220 0.5
111100001 0.5
111100002 0.5
111100010 0.5
111100020 0.5
111100022 0.5
111100100 0.5
111100200 0.5
111100202 0.5
111100220 0.5
111101000 0.5
111102000 0.5
111102002 0.5
111102020 0.5
111102200 0.5
111110000 0.5
111120000 0.5
111120002 0.5
111120020 0.5
111120200 0.5
111122000 0.5
111200001 0.5
111200010 0.5
111200012 0.5
111200021 0.5
111200022 0.5
111200100 0.5
111200102 0.5
111200120 0.5
111200201 0.5
111200202 0.5
111200210 0.5
111200220 0.5
111200222 0.5
111201000 0.5
111201002 0.5
111201020 0.5
111201200 0.5
111202001 0.5
111202002 0.5
111202010 0.5
111202020 0.5
111202022 0.5
111202100 0.5
111202200 0.5
111202202 0.5
111202220 0.5
111210000 0.5
111210002 0.5
111210020 0.5
111210200 0.5
111212000 0.5
111220001 0.5
111220002 0.5
111220010 0.5
111220020 0.5
111220022 0.5
111220100 0.5
111220200 0.5
111220202 0.5
111220220 0.5
111221000 0.5
111222000 0.5
111222002 0.5
111222020 0.5
111222200 0.5
112000011 1
112000101 1
112000110 1
112000112 0.5
112000121 0.5
112000122 1
112000211 0.5
112000212 1
112000221 1
112001001 0
112001010 0
112001012 0.5
112001021 0.5
112001022 0.2656430068019028
112001100 0
112001102 0.5
112001120 0.5
112001201 0.5
112001202 0
112001210 0.5
112001220 0.0
112001222 0.5
112002011 0.5
112002012 0
112002021 0.0
112002101 0.5
112002102 0
112002110 0.5
112002120 0
112002122 0.5
112002201 0.11702400000655588
112002210 0.11619800000655506
112002212 0.5
112002221 0.5
112002222 0.15446604334751013
112010001 0.5
112010010 0.5
112010012 0.5
112010021 0.5
112010022 0
112010100 0
112010102 0.5
112010120 0.5
112010201 0.5
112010202 0.0
112010210 0.5
112010220 0
112010222 0.5
112011000 1
112011002 0.5
112011020 0.5
112011200 0.5
112012001 0.5
112012002 0
112012010 0.5
112012020 0
112012022 0.5
112012100 0.5
112012200 0.0
112012202 0.5
112012220 0.5
112020011 0.5
112020012 0
112020021 0.0
112020101 0.5
112020102 0.09765171979572695
112020110 0.5
112020120 0.0903894505573603
112020122 0.5
112020201 0
112020210 0
112020212 0.5
112020221 0.5
112020222 0.11571500000655457
112021001 0.5
112021002 0.0
112021010 0.5
112021020 0
112021022 0.5
112021100 0.5
112021200 0.0
112021202 0.5
112021220 0.5
112022001 0
112022010 0
112022012 0.5
112022021 0.5
112022022 0
112022100 0
112022102 0.5
112022120 0.5
112022201 0.5
112022202 0
112022210 0.5
112022220 0
112022222 0.5
112100001 0
112100010 0
112100012 0.5
112100021 0.5
112100022 0.10590844204097982
112100100 0.5
112100102 0.5
112100120 0.5
112100201 0.5
112100202 0
112100210 0.5
112100220 0
112100222 0.5
112101000 1
112101002 0.5
112101020 0.5
112101200 0.5
112102001 0.5
112102002 0
112102010 0.5
112102020 0.20778946169692575
112102022 0.5
112102100 0.5
112102200 0.1027109691350348
112102202 0.5
112102220 0.5
112110000 1
112110002 0.5
112110020 0.5
112110200 0.5
112112000 0.5
112120001 0.5
112120002 0.1175400000065564
112120010 0.5
112120020 0
112120022 0.5
112120100 0.5
112120200 0
112120202 0.5
112120220 0.5
112121000 0.5
112122000 1
112122002 0.5
112122020 0.5
112122200 0.5
112200011 0.5
112200012 0
112200021 0.11727000000655613
112200101 0.5
112200102 0
112200110 0.5
112200120 0
112200122 0.5
112200201 0.0
112200210 0.11580100000655466
112200212 0.5
112200221 0.5
112200222 0.23394986432003684
112201001 0.5
112201002 0
112201010 0.5
112201020 0
112201022 0.5
112201100 0.5
112201200 0.10813102750999609
112201202 0.5
112201220 0.5
112202001 0.10425694588100778
112202010 0
112202012 0.5
112202021 0.5
112202022 0
112202100 0
112202102 0.5
112202120 0.5
112202201 0.5
112202202 0.011890335342590536
112202210 0.5
112202220 0.0
112202222 0.5
112210001 0.5
112210002 0
112210010 0.5
112210020 0
112210022 0.5
112210100 0.5
112210200 0.0
112210202 0.5
112210220 0.5
112211000 0.5
112212000 1
112212002 0.5
112212020 0.5
112212200 0.5
112220001 0.0
112220010 0
112220012 0.5
112220021 0.5
112220022 0.020206903058475764
112220100 0
112220102 0.5
112220120 0.5
112220201 0.5
112220202 0.010789238662165478
112220210 0.5
112220220 0.06534272806406362
112220222 0.5
112221000 1
112221002 0.5
112221020 0.5
112221200 0.5
112222001 0.5
112222002 0.11592600000655479
112222010 0.5
112222020 0.195789719506839
112222022 0.5
112222100 0.5
112222200 0.23124959177630422
112222202 0.5
112222220 0.5
120000111 0.5
120001011 1
120001101 0.5
120001110 0.5
120001112 0.5
120001121 0.5
120001122 5.084129243285589e-13
120001211 0.5
120001212 0.24602969787817386
120001221 0.7047434966885288
120002111 0.5
120002112 0
120002121 0.11870400000655756
120002211 0
120010011 0.5
120010101 0.5
120010110 1
120010112 0.5
120010121 0.5
120010122 0.0
120010211 0.5
120010212 0.11797600000655684
120010221 0.5
120011001 0.5
120011010 0
120011012 0.5
120011021 0.5
120011022 0.0
120011100 0.5
120011102 0.5
120011120 0.5
120011201 0.5
120011202 0.0
120011210 0.5
120011220 1.1816853702785678e-13
120011222 0.5
120012011 0.5
120012012 0
120012021 0.5
120012101 0.5
120012102 0.0
120012110 0.5
120012120 0.9999999999997938
120012122 0.5
120012201 0.5
120012210 0
120012212 0.5
120012221 0.5
120012222 0.0
120020111 0.5
120020112 0.22588825766754173
120020121 0
120020211 0.10407027969802587
120021011 0.5
120021012 0.18868996877892158
120021021 0.1165440000065554
120021101 0.5
120021102 1.6910351401609563e-13
120021110 0.5
120021120 0.5
120021122 0.5
120021201 0.0
120021210 1.3259770716850265e-11
120021212 0.5
120021221 0.5
120021222 0.23421212460276858
120022011 0.5745627958490993
120022101 0
120022110 0.9999999999995917
120022112 0.5
120022121 0.5
120022122 0.3180858275307908
120022211 0.5
120022212 0.16850845143871337
120022221 0.012050609897755655
120100011 1
120100101 0.5
120100110 0.5
120100112 0.5
120100121 0.5
120100122 0.5
120100211 0.5
120100212 0
120100221 0
120101001 1
120101010 1
120101012 0.5
120101021 0.5
120101022 1
120101100 0.5
120101102 0.5
120101120 0.5
120101201 0.5
120101202 0.11688900000655575
120101210 0.5
120101220 0.1044118653530232
120101222 0.5
120102011 0.5
120102012 1
120102021 1
120102101 0.5
120102102 0.5
120102110 0.5
120102120 0.5
120102122 0.5
120102201 0.0
120102210 0.393426101778724
120102212 0.5
120102221 0.5
120102222 0.22018458224412185
120110001 0.5
120110010 1
120110012 0.5
120110021 0.5
120110022 0.09334679303775456
120110100 0.5
120110102 0.5
120110120 0.5
120110201 0.5
120110202 0.11850100000655736
120110210 0.5
120110220 1
120110222 0.37911555499999955
120111000 0.5
120111002 0.5
120111020 0.5
120111200 0.5
120112001 0.5
120112002 0
120112010 0.5
120112020 0.11716500000655602
120112022 0.5
120112100 0.5
120112200 0
120112202 0.5
120112220 0.5
120120011 0.5
120120012 0.6812192495472599
120120021 0.0
120120101 0.5
120120102 0.5
120120110 0.5
120120120 0.5
120120122 0.5
120120201 0.0
120120210 1
120120212 0.5
120120221 0.5
120120222 0.0
120121001 0.5
120121002 0
120121010 0.5
120121020 0.31247918420554344
120121022 0.5
120121100 0.5
120121200 0
120121202 0.5
120121220 0.5
120122001 0
120122010 0.8302510815493708
120122012 0.5
120122021 0.5
120122022 0.3071695268099932
120122100 0.5
120122102 0.5
120122120 0.5
120122201 0.5
120122202 0.0269183037200664
120122210 0.5
120122220 0
120122222 0.5
120200111 0.5
120200112 0
120200121 0.1164420000065553
120200211 0
120201011 0.5
120201012 1
120201021 1
120201101 0.5
120201102 0
120201110 0.5
120201120 0
120201122 0.5
120201201 0.9999999999999999
120201210 0.19227013560267528
120201212 0.5
120201221 0.5
120201222 0.39386909212559934
120202011 1
120202101 0
120202110 0
120202112 0.5
120202121 0.5
120202122 0.010887961578440488
120202211 0.5
120202212 0.5154058364892994
120202221 0.3675065085509655
120210011 0.5
120210012 0.0
120210021 0.5
120210101 0.5
120210102 0.0
120210110 0.5
120210120 1
120210122 0.5
120210201 0.5
120210210 1
120210212 0.5
120210221 0.5
120210222 0
120211001 0.5
120211002 0.11665300000655551
120211010 0.5
120211020 0.11730800000655617
120211022 0.5
120211100 0.5
120211200 0
120211202 0.5
120211220 0.5
120212001 0.5
120212010 0.0
120212012 0.5
120212021 0.5
120212022 0.0
120212100 0
120212102 0.5
120212120 0.5
120212201 0.5
120212202 0.11567200000655452
120212210 0.5
120212220 0.31842564395899403
120212222 0.5
120220011 0
120220101 0
120220110 1
120220112 0.5
120220121 0.5
120220122 0.19905053341632187
120220211 0.5
120220212 0.32507086075050007
120220221 0.01763136885505272
120221001 0.39290016301898956
120221010 0.2600916266884828
120221012 0.5
120221021 0.5
120221022 0.431672532928345
120221100 0.0
120221102 0.5
120221120 0.5
120221201 0.5
120221202 0.07289414035755692
120221210 0.5
120221220 0.10533526356481406
120221222 0.5
120222011 0.5
120222012 0.43782310418631176
120222021 0.19630452264760195
120222101 0.5
120222102 0.0
120222110 0.5
120222120 0.0
120222122 0.5
120222201 0.02572982552475604
120222210 0.4691075516830671
120222212 0.5
120222221 0.5
120222222 0.1721016200607958
121000011 1
121000101 1
121000110 1
121000112 0.5
121000121 0.5
121000122 1
121000211 0.5
121000212 1
121000221 1
121001001 0.5
121001010 0
121001012 0.5
121001021 0.5
121001022 0
121001100 0
121001102 0.5
121001120 0.5
121001201 0.5
121001202 0
121001210 0.5
121001220 0.0
121001222 0.5
121002011 0.5
121002012 0.0
121002021 0.22715075442153362
121002101 0.5
121002102 0.11743000000655629
121002110 0.5
121002120 0
121002122 0.5
121002201 0
121002210 0.0
121002212 0.5
121002221 0.5
121002222 0
121010001 0.5
121010010 0
121010012 0.5
121010021 0.5
121010022 0
121010100 0.5
121010102 0.5
121010120 0.5
121010201 0.5
121010202 0
121010210 0.5
121010220 0
121010222 0.5
121011000 1
121011002 0.5
121011020 0.5
121011200 0.5
121012001 0.5
121012002 0
121012010 0.5
121012020 0
121012022 0.5
121012100 0.5
121012200 0.21955074748758252
121012202 0.5
121012220 0.5
121020011 0.5
121020012 0.2724320012430932
121020021 0
121020101 0.5
121020102 0
121020110 0.5
121020120 0
121020122 0.5
121020201 0
121020210 0.15010791216715788
121020212 0.5
121020221 0.5
121020222 0.0
121021001 0.5
121021002 0
121021010 0.5
121021020 0.1189420000065578
121021022 0.5
121021100 0.5
121021200 0.0
121021202 0.5
121021220 0.5
121022001 0
121022010 0
121022012 0.5
121022021 0.5
121022022 0
121022100 0
121022102 0.5
121022120 0.5
121022201 0.5
121022202 0
121022210 0.5
121022220 0.03759758919585768
121022222 0.5
121100001 0
121100010 0
121100012 0.5
121100021 0.5
121100022 0
121100100 0.5
121100102 0.5
121100120 0.5
121100201 0.5
121100202 0.39690349015994875
121100210 0.5
121100220 0
121100222 0.5
121101000 1
121101002 0.5
121101020 0.5
121101200 0.5
121102001 0.5
121102002 0.22070301100857515
121102010 0.5
121102020 0.10672238206398685
121102022 0.5
121102100 0.5
121102200 0
121102202 0.5
121102220 0.5
121110000 1
121110002 0.5
121110020 0.5
121110200 0.5
121112000 0.5
121120001 0.5
121120002 0.0
121120010 0.5
121120020 0.0
121120022 0.5
121120100 0.5
121120200 0
121120202 0.5
121120220 0.5
121121000 0.5
121122000 1
121122002 0.5
121122020 0.5
121122200 0.5
121200011 0.5
121200012 0
121200021 0.11675800000655562
121200101 0.5
121200102 0.11570300000655456
121200110 0.5
121200120 0
121200122 0.5
121200201 0.0
121200210 0
121200212 0.5
121200221 0.5
121200222 0.33752206206841173
121201001 0.5
121201002 0
121201010 0.5
121201020 0
121201022 0.5
121201100 0.5
121201200 0.22037316570357726
121201202 0.5
121201220 0.5
121202001 0.0
121202010 0
121202012 0.5
121202021 0.5
121202022 0
121202100 0.0
121202102 0.5
121202120 0.5
121202201 0.5
121202202 0
121202210 0.5
121202220 0.05461304276303819
121202222 0.5
121210001 0.5
121210002 0
121210010 0.5
121210020 0
121210022 0.5
121210100 0.5
121210200 0
121210202 0.5
121210220 0.5
121211000 0.5
121212000 1
121212002 0.5
121212020 0.5
121212200 0.5
121220001 0
121220010 0.0
121220012 0.5
121220021 0.5
121220022 0.0
121220100 0
121220102 0.5
121220120 0.5
121220201 0.5
121220202 0.0
121220210 0.5
121220220 1.4542325870323975e-26
121220222 0.5
121221000 1
121221002 0.5
121221020 0.5
121221200 0.5
121222001 0.5
121222002 0.22935220985347182
121222010 0.5
121222020 0
121222022 0.5
121222100 0.5
121222200 0.13296118964518003
121222202 0.5
121222220 0.5
122000111 0.5
122000112 1
122000121 1
122000211 1
122001011 0.5
122001012 0.3477406834807261
122001021 0.0
122001101 0.5
122001102 0.3305129074112682
122001110 0.5
122001120 2.0316798764078106e-11
122001122 0.5
122001201 0.11660000000655546
122001210 5.696621555137716e-11
122001212 0.5
122001221 0.5
122001222 0.30954375047003263
122002011 0.5447346014986479
122002101 0.9999999999999999
122002110 0.9999999999999993
122002112 0.5
122002121 0.5
122002122 0.5855689106374359
122002211 0.5
122002212 0.34670926775360483
122002221 0.33489637424995544
122010011 0.5
122010012 0
122010021 0.5
122010101 0.5
122010102 0
122010110 0.5
122010120 0
122010122 0.5
122010201 0.5
122010210 0.0
122010212 0.5
122010221 0.5
122010222 0.014072474839341117
122011001 0.5
122011002 0
122011010 0.5
122011020 0.6783992530417314
122011022 0.5
122011100 0.5
122011200 0.42962284049638544
122011202 0.5
122011220 0.5
122012001 0.5
122012010 0.0
122012012 0.5
122012021 0.5
122012022 0
122012100 0.0
122012102 0.5
122012120 0.5
122012201 0.5
122012202 0
122012210 0.5
122012220 0.029438107305769935
122012222 0.5
122020011 0.11585100000655471
122020101 0.1194350000065583
122020110 0.6118876830202359
122020112 0.5
122020121 0.5
122020122 0.26514523864700124
122020211 0.5
122020212 0.16983921694883164
122020221 0.2914459638729666
122021001 0
122021010 3.093163849149047e-22
122021012 0.5
122021021 0.5
122021022 0.06609826203636293
122021100 8.300666007996546e-26
122021102 0.5
122021120 0.5
122021201 0.5
122021202 0.054687092022245504
122021210 0.5
122021220 0.0697041149411922
122021222 0.5
122022011 0.5
122022012 0.12079390127692308
122022021 0.0
122022101 0.5
122022102 0.025731694099750024
122022110 0.5
122022120 0.33894691052158743
122022122 0.5
122022201 0.0
122022210 0.2372951372475618
122022212 0.5
122022221 0.5
122022222 0.1259145191202924
122100011 0.5
122100012 0.4402285880663048
122100021 0.4958784879511562
122100101 0.5
122100102 0.5
122100110 0.5
122100120 0.5
122100122 0.5
122100201 0.0
122100210 0
122100212 0.5
122100221 0.5
122100222 0.05897998583485201
122101001 0.5
122101002 0.9999999999999999
122101010 0.5
122101020 0.9999999999999999
122101022 0.5
122101100 0.5
122101200 0.0
122101202 0.5
122101220 0.5
122102001 0.7527130619101567
122102010 0.26619637939225477
122102012 0.5
122102021 0.5
122102022 0.3532633057736365
122102100 0.5
122102102 0.5
122102120 0.5
122102201 0.5
122102202 0.012081678266993112
122102210 0.5
122102220 0
122102222 0.5
122110001 0.5
122110002 0.4291196315317914
122110010 0.5
122110020 0.9999999999999999
122110022 0.5
122110100 0.5
122110200 0
122110202 0.5
122110220 0.5
122111000 0.5
122112000 1
122112002 0.5
122112020 0.5
122112200 0.5
122120001 0
122120010 0.5209380352248385
122120012 0.5
122120021 0.5
122120022 0.12928153516784835
122120100 0.5
122120102 0.5
122120120 0.5
122120201 0.5
122120202 0.05405643486173879
122120210 0.5
122120220 0.10668162298901018
122120222 0.5
122121000 1
122121002 0.5
122121020 0.5
122121200 0.5
122122001 0.5
122122002 0.4772501454865313
122122010 0.5
122122020 0.5230376178536582
122122022 0.5
122122100 0.5
122122200 0.2898313961229527
122122202 0.5
122122220 0.5
122200011 0.9999999999999999
122200101 0
122200110 0.0
122200112 0.5
122200121 0.5
122200122 0.09162490320052008
122200211 0.5
122200212 0.43134005896394995
122200221 0.25284571487754726
122201001 0.5412736655960659
122201010 0.4695625982660507
122201012 0.5
122201021 0.5
122201022 0.31904821703591124
122201100 0.10536675072498924
122201102 0.5
122201120 0.5
122201201 0.5
122201202 0.471678160539571
122201210 0.5
122201220 0.13719465792647217
122201222 0.5
122202011 0.5
122202012 0.5157284971937616
122202021 0.5168492939677974
122202101 0.5
122202102 0
122202110 0.5
122202120 0
122202122 0.5
122202201 0.28022549313902917
122202210 0.1950210178563616
122202212 0.5
122202221 0.5
122202222 0.25338032411625355
122210001 0.5
122210010 0.22351304868655705
122210012 0.5
122210021 0.5
122210022 0.0
122210100 0
122210102 0.5
122210120 0.5
122210201 0.5
122210202 0.009395688499346432
122210210 0.5
122210220 0.2372047804523993
122210222 0.5
122211000 1
122211002 0.5
122211020 0.5
122211200 0.5
122212001 0.5
122212002 0
122212010 0.5
122212020 0.21581394242092683
122212022 0.5
122212100 0.5
122212200 0.3372071988191664
122212202 0.5
122212220 0.5
122220011 0.5
122220012 0.04820464996365226
122220021 0
122220101 0.5
122220102 0
122220110 0.5
122220120 0.13374316949969847
122220122 0.5
122220201 0
122220210 0.27611734688333867
122220212 0.5
122220221 0.5
122220222 0.11062363456153598
122221001 0.5
122221002 0.4815591591035618
122221010 0.5
122221020 0.649244073413672
122221022 0.5
122221100 0.5
122221200 0.24455307538924875
122221202 0.5
122221220 0.5
122222001 0.035977295350565146
122222010 0.22036920530477622
122222012 0.5
122222021 0.5
122222022 0.1252639914835038
122222100 9.636658202527694e-27
122222102 0.5
122222120 0.5
122222201 0.5
122222202 0.15291294703945485
122222210 0.5
122222220 0.20013981447766663
122222222 0.5
200001111 0.5
200010111 0.5
200011011 0
200011101 0
200011110 0.5
200011112 0.5
200011121 0.5
200011122 0.5832279950648722
200011211 0.5
200011212 0.4702389866003603
200011221 0
200012111 0.5
200012112 0.12162900000656049
200012121 0.11645900000655532
200012211 0
200021111 0.5
200021112 0.19725625163082225
200021121 0.0
200021211 0.0
200022111 0.5
200100111 0.5
200101011 1
200101101 1
200101110 0
200101112 0.5
200101121 0.5
200101122 0.0
200101211 0.5
200101212 0.615191954579591
200101221 0.9999999999999999
200102111 0.5
200102112 0
200102121 0
200102211 0.0
200110011 0
200110101 0
200110110 1
200110112 0.5
200110121 0.5
200110122 0.31877359336235783
200110211 0.5
200110212 0.677557787801063
200110221 0.1173350000065562
200111001 0.5
200111010 0.5
200111012 0.5
200111021 0.5
200111022 0.5
200111100 0.5
200111102 0.5
200111120 0.5
200111201 0.5
200111202 0.5
200111210 0.5
200111220 0.5
200111222 0.5
200112011 0.5
200112012 0
200112021 0.0
200112101 0.5
200112102 0
200112110 0.5
200112120 0
200112122 0.5
200112201 0
