000011111 0.5
000011112 0.5
000011121 0.5
000011211 0.5
000012111 0.5
000021111 0.5
000101111 0.5
000101112 0.5
000101121 0.5
000101211 0.5
000102111 0.5
000110111 0.5
000110112 0.5
000110121 0.5
000110211 0.5
000111011 0.5
000111012 0.5
000111021 0.5
000111101 0.5
000111102 0.5
000111110 0.5
000111120 0.5
000111122 0.5
000111201 0.5
000111210 0.5
000111212 0.5
000111221 0.5
000111222 0.5
000112011 0.5
000112101 0.5
000112110 0.5
000112112 0.5
000112121 0.5
000112122 0.5
000112211 0.5
000112212 0.5
000112221 0.5
000120111 0.5
000121011 0.5
000121101 0.5
000121110 0.5
000121112 0.5
000121121 0.5
000121122 0.5
000121211 0.5
000121212 0.5
000121221 0.5
000122111 0.5
000122112 0.5
000122121 0.5
000122211 0.5
000201111 0.5
000210111 0.5
000211011 0.5
000211101 0.5
000211110 0.5
000211112 0.5
000211121 0.5
000211122 0.5
000211211 0.5
000211212 0.5
000211221 0.5
000212111 0.5
000212112 0.5
000212121 0.5
000212211 0.5
000221111 0.5
000221112 0.5
000221121 0.5
000221211 0.5
000222111 0.5
001001111 1.0
001001112 0.5
001001121 0.5
001001211 0.5
001002111 0.5
001010111 0.5
001010112 0.5
001010121 0.5
001010211 0.5
001011011 0.5
001011012 0.5
001011021 0.5
001011101 0.5
001011102 0.5
001011110 0.5
001011120 0.5
001011122 1.0
001011201 0.5
001011210 0.5
001011212 0.0
001011221 1.0
001011222 0.5
001012011 0.5
001012101 0.5
001012110 0.5
001012112 0.5
001012121 1.0
001012122 0.5
001012211 0.5
001012212 0.5
001012221 0.5
001020111 0.5
001021011 0.5
001021101 0.5
001021110 0.5
001021112 0.5
001021121 0.5
001021122 0.5
001021211 0.5
001021212 0.5
001021221 0.5
001022111 0.5
001022112 0.5
001022121 0.5
001022211 0.5
001100111 1.0
001100112 0.5
001100121 0.5
001100211 0.5
001101011 1.0
001101012 0.5
001101021 0.5
001101101 0.5
001101102 0.5
001101110 0.5
001101120 0.5
001101122 0.0
001101201 0.5
001101210 0.5
001101212 0.5
001101221 1.0
001101222 0.5
001102011 0.5
001102101 0.5
001102110 0.5
001102112 0.5
001102121 0.0
001102122 0.5
001102211 0.7419750000000009
001102212 0.5
001102221 0.5
001110011 0.5
001110012 0.5
001110021 0.5
001110101 1.0
001110102 0.5
001110110 0.5
001110120 0.5
001110122 0.5
001110201 0.5
001110210 0.5
001110212 0.5
001110221 0.7493750000000001
001110222 0.5
001111001 0.5
001111002 0.5
001111010 0.5
001111020 0.5
001111022 1.0
001111100 0.5
001111200 0.5
001111202 1.0
001111220 1.0
001112001 0.5
001112010 0.5
001112012 0.5
001112021 0.5
001112022 0.5
001112100 0.5
001112102 0.5
001112120 0.5
001112201 0.5
001112202 0.5
001112210 0.5
001112220 0.5
001112222 0.5
001120011 0.5
001120101 0.5
001120110 0.5
001120112 0.5
001120121 0.7374500000000014
001120122 0.5
001120211 0.5
001120212 0.5
001120221 0.5
001121001 0.5
001121010 0.5
001121012 0.5
001121021 0.5
001121022 0.5
001121100 0.5
001121102 0.5
001121120 0.0
001121201 0.5
001121202 0.5
001121210 0.5
001121220 0.5
001121222 0.7499934999999998
001122011 0.5
001122012 0.5
001122021 0.5
001122101 0.5
001122102 0.5
001122110 0.0
001122120 0.5
001122122 0.25312499999999966
001122201 0.5
001122210 0.5
001122212 0.5
001122221 0.7494752500000001
001122222 0.5
001200111 0.5
001201011 0.5
001201101 0.5
001201110 0.5
001201112 0.74999965
001201121 0.5
001201122 0.5
001201211 0.5
001201212 0.5
001201221 0.5
001202111 0.5
001202112 0.5
001202121 0.5
001202211 0.5
001210011 0.5
001210101 0.5
001210110 0.5
001210112 0.5
001210121 0.5
001210122 0.5
001210211 0.5
001210212 0.5
001210221 0.5
001211001 0.5
001211010 0.5
001211012 0.5
001211021 0.5
001211022 0.5
001211100 0.5
001211102 0.5
001211120 0.5
001211201 0.5
001211202 0.5
001211210 0.5
001211220 0.5
001211222 0.8732451550000002
001212011 0.5
001212012 0.5
001212021 0.5
001212101 0.5
001212102 0.5
001212110 0.5
001212120 0.5
001212122 1.0
001212201 0.5
001212210 0.5
001212212 0.2509249999999999
001212221 0.5
001212222 0.5
001220111 0.5
001220112 0.5
001220121 0.5
001220211 0.5
001221011 0.5
001221012 0.5
001221021 0.5
001221101 0.5
001221102 0.5
001221110 0.5
001221120 0.5
001221122 0.7418500000000009
001221201 0.5
001221210 0.5
001221212 0.5
001221221 0.5
001221222 0.5
001222011 0.5
001222101 0.5
001222110 0.5
001222112 0.5
001222121 0.5
001222122 0.5
001222211 0.5
001222212 0.5
001222221 0.5
002001111 0.5
002010111 0.5
002011011 0.5
002011101 0.5
002011110 0.5
002011112 0.5
002011121 0.5
002011122 0.5
002011211 0.5
002011212 0.5
002011221 0.5
002012111 0.5
002012112 0.5
002012121 0.5
002012211 0.5
002021111 0.5
002021112 0.5
002021121 0.5
002021211 0.5
002022111 0.5
002100111 0.5
002101011 0.5
002101101 0.5
002101110 0.5
002101112 0.5
002101121 0.5
002101122 0.5
002101211 0.5
002101212 0.5
002101221 0.5
002102111 0.5
002102112 0.5
002102121 0.5
002102211 0.5
002110011 0.5
002110101 0.5
002110110 0.5
002110112 0.5
002110121 0.5
002110122 0.5
002110211 0.5
002110212 0.5
002110221 0.5
002111001 0.5
002111010 0.5
002111012 0.5
002111021 0.5
002111022 0.5
002111100 0.5
002111102 0.5
002111120 0.5
002111201 0.5
002111202 0.5
002111210 0.5
002111220 0.5
002111222 0.5
002112011 0.5
002112012 0.5
002112021 0.5
002112101 0.5
002112102 0.5
002112110 0.5
002112120 0.5
002112122 0.0
002112201 0.5
002112210 0.5
002112212 0.0
002112221 0.5
002112222 0.5
002120111 0.5
002120112 0.5
002120121 0.5
002120211 0.5
002121011 0.5
002121012 0.5
002121021 0.5
002121101 0.5
002121102 0.5
002121110 0.5
002121120 0.5
002121122 0.0
002121201 0.5
002121210 0.5
002121212 0.5
002121221 0.5
002121222 0.5
002122011 0.5
002122101 0.5
002122110 0.5
002122112 0.0
002122121 0.5
002122122 0.5
002122211 0.5
002122212 0.5
002122221 0.5
002201111 0.5
002201112 0.5
002201121 0.5
002201211 0.5
002202111 0.5
002210111 0.5
002210112 0.5
002210121 0.5
002210211 0.5
002211011 0.5
002211012 0.5
002211021 0.5
002211101 0.5
002211102 0.5
002211110 0.5
002211120 0.5
002211122 0.5
002211201 0.5
002211210 0.5
002211212 0.5
002211221 0.5
002211222 0.5
002212011 0.5
002212101 0.5
002212110 0.5
002212112 0.5
002212121 0.5
002212122 0.5
002212211 0.5
002212212 0.5
002212221 0.5
002220111 0.5
002221011 0.5
002221101 0.5
002221110 0.5
002221112 0.5
002221121 0.5
002221122 0.5
002221211 0.5
002221212 0.5
002221221 0.5
002222111 0.5
002222112 0.5
002222121 0.5
002222211 0.5
010001111 1.0
010001112 0.5
010001121 0.5
010001211 0.5
010002111 0.5
010010111 1.0
010010112 0.5
010010121 0.5
010010211 0.5
010011011 0.5
010011012 0.5
010011021 0.5
010011101 0.5
010011102 0.5
010011110 1.0
010011120 0.5
010011122 0.8626728350000014
010011201 0.5
010011210 0.5
010011212 0.5
010011221 0.0
010011222 0.5
010012011 0.5
010012101 0.5
010012110 0.5
010012112 0.5
010012121 0.5
010012122 0.5
010012211 1.0
010012212 0.5
010012221 0.5
010020111 0.5
010021011 0.5
010021101 0.5
010021110 0.5
010021112 0.5
010021121 0.5
010021122 0.5
010021211 0.5
010021212 0.5
010021221 0.5
010022111 0.5
010022112 0.5
010022121 0.5
010022211 0.5
010100111 1.0
010100112 0.5
010100121 0.5
010100211 0.5
010101011 0.5
010101012 0.5
010101021 0.5
010101101 0.5
010101102 0.5
010101110 0.5
010101120 0.5
010101122 0.0
010101201 0.5
010101210 0.5
010101212 0.0
010101221 0.0
010101222 0.5
010102011 0.5
010102101 0.5
010102110 0.5
010102112 0.0
010102121 0.0
010102122 0.5
010102211 0.5
010102212 0.5
010102221 0.5
010110011 1.0
010110012 0.5
010110021 0.5
010110101 0.5
010110102 0.5
010110110 0.5
010110120 0.5
010110122 0.0
010110201 0.5
010110210 0.5
010110212 1.0
010110221 0.0
010110222 0.5
010111001 0.5
010111002 0.5
010111010 0.5
010111020 0.5
010111022 1.0
010111100 0.5
010111200 0.5
010111202 1.0
010111220 0.5
010112001 0.5
010112010 0.5
010112012 0.5
010112021 0.7385250000000012
010112022 0.5
010112100 0.5
010112102 0.5
010112120 0.0
010112201 0.5
010112202 0.5
010112210 0.5
010112220 0.5
010112222 0.7499937499999998
010120011 0.5
010120101 0.5
010120110 0.5
010120112 0.5
010120121 0.0
010120122 0.5
010120211 0.5
010120212 0.5
010120221 0.5
010121001 0.5
010121010 0.5
010121012 0.5
010121021 0.5
010121022 0.5
010121100 0.5
010121102 0.5
010121120 0.0
010121201 0.5
010121202 0.5
010121210 0.5
010121220 0.5
010121222 0.2525749999999997
010122011 0.5
010122012 0.5
010122021 0.5
010122101 0.5
010122102 0.5
010122110 0.0
010122120 0.5
010122122 0.2511249999999999
010122201 0.5
010122210 0.5
010122212 0.5
010122221 0.25059999999999993
010122222 0.6249937500781249
010200111 0.5
010201011 0.5
010201101 0.5
010201110 0.5
010201112 0.0
010201121 0.5
010201122 0.5
010201211 0.0
010201212 0.5
010201221 0.5
010202111 0.5
010202112 0.5
010202121 0.5
010202211 0.5
010210011 0.5
010210101 0.5
010210110 0.5
010210112 0.5
010210121 0.7436750000000008
010210122 0.5
010210211 0.5
010210212 0.5
010210221 0.5
010211001 0.5
010211010 0.5
010211012 0.5
010211021 0.5
010211022 0.5
010211100 0.5
010211102 0.5
010211120 0.5
010211201 0.5
010211202 0.5
010211210 0.5
010211220 0.5
010211222 0.5
010212011 0.5
010212012 0.5
010212021 0.5
010212101 0.5
010212102 0.5
010212110 0.5
010212120 0.5
010212122 0.5
010212201 0.5
010212210 0.5
010212212 1.0
010212221 0.6137883512500012
010212222 0.5
010220111 0.5
010220112 0.5
010220121 0.5
010220211 0.5
010221011 0.5
010221012 0.5
010221021 0.5
010221101 0.5
010221102 0.5
010221110 0.5
010221120 0.5
010221122 0.5
010221201 0.5
010221210 0.5
010221212 0.5
010221221 0.5
010221222 0.5
010222011 0.5
010222101 0.5
010222110 0.5
010222112 0.5
010222121 0.6187550112500007
010222122 0.5
010222211 0.5
010222212 0.5
010222221 0.5
011000111 0.5
011000112 0.5
011000121 0.5
011000211 0.5
011001011 0.5
011001012 0.5
011001021 0.5
011001101 1.0
011001102 0.5
011001110 0.5
011001120 0.5
011001122 0.0
011001201 0.5
011001210 0.5
011001212 0.0
011001221 1.0
011001222 0.5
011002011 0.5
011002101 0.5
011002110 0.5
011002112 0.0
011002121 0.0
011002122 0.5
011002211 0.0
011002212 0.5
011002221 0.5
011010011 0.5
011010012 0.5
011010021 0.5
011010101 0.5
011010102 0.5
011010110 0.5
011010120 0.5
011010122 1.0
011010201 0.5
011010210 0.5
011010212 1.0
011010221 0.0
011010222 0.5
011011001 0.5
011011002 0.5
011011010 0.5
011011020 0.5
011011022 0.5
011011100 0.5
011011200 0.5
011011202 0.0
011011220 0.5
011012001 0.5
011012010 0.5
011012012 0.5
011012021 0.5
011012022 0.5
011012100 0.5
011012102 1.0
011012120 0.5
011012201 0.5
011012202 0.5
011012210 0.5
011012220 0.5
011012222 0.0
011020011 0.5
011020101 0.5
011020110 0.5
011020112 0.5
011020121 0.5
011020122 0.5
011020211 0.5
011020212 0.5
011020221 0.5
011021001 0.5
011021010 0.5
011021012 0.5
011021021 0.5
011021022 0.5
011021100 0.5
011021102 0.5
011021120 0.0
011021201 0.5
011021202 0.5
011021210 0.5
011021220 0.5
011021222 0.0
011022011 0.5
011022012 0.5
011022021 0.5
011022101 0.5
011022102 0.5
011022110 0.5
011022120 0.5
011022122 0.6185601512500007
011022201 0.5
011022210 0.5
011022212 0.2528249999999997
011022221 0.2508249999999999
011022222 0.2524749999999997
011100011 0.5
011100012 0.5
011100021 0.5
011100101 0.5
011100102 0.5
011100110 0.5
011100120 0.5
011100122 0.0
011100201 0.5
011100210 0.5
011100212 0.5
011100221 0.0
011100222 0.5
011101001 1.0
011101002 0.7420750000000009
011101010 0.5
011101020 0.5
011101022 0.0
011101100 0.5
011101200 0.5
011101202 0.0
011101220 0.5
011102001 0.5
011102010 0.5
011102012 0.5
011102021 0.5
011102022 0.5
011102100 0.5
011102102 0.6172006112500009
011102120 0.5
011102201 0.5
011102202 0.5
011102210 0.5
011102220 0.5
011102222 0.0
011110001 0.5
011110002 0.5
011110010 1.0
011110020 0.5
011110022 0.5
011110100 1.0
011110200 0.5
011110202 0.5
011110220 0.7487250000000001
011111000 0.5
011112000 0.5
011112002 0.5
011112020 0.5
011112200 0.7475750000000003
011120001 0.5
011120010 0.5
011120012 0.5
011120021 0.5
011120022 0.5
011120100 0.5
011120102 0.5
011120120 0.0
011120201 0.5
011120202 0.5
011120210 0.5
011120220 0.5
011120222 0.2500066500000002
011121000 0.5
011121002 0.5
011121020 0.5
011121200 0.5
011122001 0.5
011122002 0.5
011122010 0.5
011122020 0.5
011122022 0.6246003200000001
011122100 0.5
011122200 0.5
011122202 0.25134999999999985
011122220 0.0
011200011 0.5
011200101 0.5
011200110 0.5
011200112 0.5
011200121 0.0
011200122 0.5
011200211 0.0
011200212 0.5
011200221 0.5
011201001 0.5
011201010 0.5
011201012 0.5
011201021 0.5
011201022 0.5
011201100 0.5
011201102 0.5
011201120 0.5
011201201 1.0
011201202 0.5
011201210 0.5
011201220 0.5
011201222 0.38716776874999864
011202011 0.0
011202012 0.5
011202021 0.5
011202101 0.5
011202102 0.5
011202110 0.5
011202120 0.5
011202122 0.6818491971866881
011202201 0.5
011202210 0.5
011202212 0.26154999999999873
011202221 0.3770187299999998
011202222 0.5
011210001 0.5
011210010 0.5
011210012 0.5
011210021 0.5
011210022 0.5
011210100 0.5
011210102 0.5
011210120 0.5
011210201 0.5
011210202 0.5
011210210 0.5
011210220 0.5
011210222 0.5
011211000 0.5
011211002 0.5
011211020 0.5
011211200 0.5
011212001 0.5
011212002 0.5
011212010 0.5
011212020 0.5
011212022 0.5
011212100 0.5
011212200 0.5
011212202 0.7472750000000004
011212220 0.5
011220011 0.5
011220012 0.5
011220021 0.5
011220101 0.5
011220102 0.5
011220110 0.5
011220120 0.5
011220122 0.741175000000001
011220201 0.5
011220210 0.5
011220212 0.7488250000000001
011220221 0.25212499999999977
011220222 0.5
011221001 0.5
011221002 0.5
011221010 0.5
011221020 0.5
011221022 0.0
011221100 0.5
011221200 0.5
011221202 0.25144999999999984
011221220 0.5
011222001 0.5
011222010 0.5
011222012 0.0
011222021 0.0
011222022 0.5
011222100 0.5
011222102 0.5
011222120 0.258899999999999
011222201 0.5
011222202 0.5
011222210 0.5
011222220 0.5
011222222 0.3129375
012000111 0.5
012001011 0.5
012001101 0.5
012001110 0.5
012001112 0.7499997
012001121 0.5
012001122 0.5
012001211 0.5
012001212 0.5
012001221 0.5
012002111 0.5
012002112 0.5
012002121 0.5
012002211 0.5
012010011 0.5
012010101 0.5
012010110 0.5
012010112 0.5
012010121 0.5
012010122 0.5
012010211 0.5
012010212 0.5
012010221 0.5
012011001 0.5
012011010 0.5
012011012 0.5
012011021 0.5
012011022 0.5
012011100 0.5
012011102 0.5
012011120 0.5
012011201 0.5
012011202 0.5
012011210 0.5
012011220 0.5
012011222 0.6135023012500012
012012011 0.5
012012012 0.5
012012021 0.5
012012101 0.5
012012102 0.5
012012110 0.5
012012120 0.5
012012122 0.5
012012201 0.5
012012210 0.5
012012212 1.0
012012221 0.5
012012222 0.5
012020111 0.5
012020112 0.5
012020121 0.5
012020211 0.5
012021011 0.5
012021012 0.5
012021021 0.5
012021101 0.5
012021102 0.5
012021110 0.5
012021120 0.5
012021122 0.3532194239232017
012021201 0.5
012021210 0.5
012021212 0.5
012021221 0.25
012021222 0.5
012022011 0.5
012022101 0.5
012022110 0.5
012022112 0.5
012022121 0.5
012022122 0.5
012022211 0.7456500000000005
012022212 0.5
012022221 0.5
012100011 0.5
012100101 0.5
012100110 0.5
012100112 0.5
012100121 0.0
012100122 0.5
012100211 0.5
012100212 0.5
012100221 0.5
012101001 0.5
012101010 0.5
012101012 0.5
012101021 0.5
012101022 0.5
012101100 0.5
012101102 0.5
012101120 0.5
012101201 0.5
012101202 0.5
012101210 0.5
012101220 0.5
012101222 0.25332499999999963
012102011 0.5
012102012 0.5
012102021 0.5
012102101 0.5
012102102 0.5
012102110 0.5
012102120 0.5
012102122 0.2626749999999986
012102201 0.5
012102210 0.5
012102212 0.5
012102221 0.0
012102222 0.5
012110001 0.5
012110010 0.5
012110012 0.5
012110021 0.5
012110022 0.5
012110100 0.5
012110102 0.5
012110120 0.0
012110201 0.5
012110202 0.5
012110210 0.5
012110220 0.5
012110222 0.5
012111000 0.5
012111002 0.5
012111020 0.5
012111200 0.5
012112001 0.5
012112002 0.5
012112010 0.5
012112020 0.5
012112022 0.5
012112100 0.5
012112200 0.5
012112202 0.7475500000000003
012112220 0.6225867612500002
012120011 0.5
012120012 0.5
012120021 0.5
012120101 0.5
012120102 0.5
012120110 0.5
012120120 0.5
012120122 0.5
012120201 0.5
012120210 0.5
012120212 0.5
012120221 0.5
012120222 0.5
012121001 0.5
012121002 0.5
012121010 0.5
012121020 0.5
012121022 0.5
012121100 0.5
012121200 0.5
012121202 0.7397000000000011
012121220 0.5
012122001 0.5
012122010 0.5
012122012 0.2606999999999988
012122021 0.5
012122022 0.5
012122100 0.5
012122102 0.5
012122120 0.259324999999999
012122201 0.5
012122202 0.6225620050000003
012122210 0.5
012122220 0.5
012122222 0.43158435814936785
012200111 0.5
012200112 0.5
012200121 0.5
012200211 0.5
012201011 0.5
012201012 0.5
012201021 0.5
012201101 0.5
012201102 0.5
012201110 0.5
012201120 0.5
012201122 0.62499970000018
012201201 0.5
012201210 0.5
012201212 0.5
012201221 0.8043358522796884
012201222 0.5
012202011 0.5
012202101 0.5
012202110 0.5
012202112 0.25000045000000004
012202121 0.0
012202122 0.5
012202211 0.2564499999999993
012202212 0.5
012202221 0.5
012210011 0.5
012210012 0.5
012210021 0.5
012210101 0.5
012210102 0.5
012210110 0.5
012210120 0.5
012210122 0.5
012210201 0.5
012210210 0.5
012210212 0.5
012210221 0.25397499999999956
012210222 0.5
012211001 0.5
012211002 0.5
012211010 0.5
012211020 0.5
012211022 0.740325000000001
012211100 0.5
012211200 0.5
012211202 0.5
012211220 0.5
012212001 0.5
012212010 0.5
012212012 1.0
012212021 0.5
012212022 0.5
012212100 0.5
012212102 0.5
012212120 0.25947499999999896
012212201 0.5
012212202 0.5
012212210 0.5
012212220 0.5
012212222 0.5
012220011 0.5
012220101 0.5
012220110 0.5
012220112 0.5
012220121 0.25399999999999956
012220122 0.5
012220211 0.5
012220212 0.5
012220221 0.5
012221001 0.5
012221010 0.5
012221012 0.5
012221021 0.5
012221022 0.5
012221100 0.5
012221102 0.5
012221120 0.25952499999999895
012221201 0.5
012221202 0.5
012221210 0.5
012221220 0.5
012221222 0.5
012222011 0.5
012222012 0.5
012222021 0.5
012222101 0.5
012222102 0.5
012222110 0.25954999999999895
012222120 0.5
012222122 0.3761224687499999
012222201 0.5
012222210 0.5
012222212 0.850258146681954
012222221 0.3755992799999999
012222222 0.5
020001111 0.5
020010111 0.5
020011011 0.5
020011101 0.5
020011110 0.5
020011112 0.5
020011121 0.5
020011122 0.5
020011211 0.5
020011212 0.5
020011221 0.5
020012111 0.5
020012112 0.5
020012121 0.5
020012211 0.5
020021111 0.5
020021112 0.5
020021121 0.5
020021211 0.5
020022111 0.5
020100111 0.5
020101011 0.5
020101101 0.5
020101110 0.5
020101112 0.5
020101121 0.5
020101122 0.5
020101211 0.5
020101212 0.5
020101221 0.5
020102111 0.5
020102112 0.5
020102121 0.5
020102211 0.5
020110011 0.5
020110101 0.5
020110110 0.5
020110112 0.5
020110121 0.5
020110122 0.5
020110211 0.5
020110212 0.5
020110221 0.5
020111001 0.5
020111010 0.5
020111012 0.5
020111021 0.5
020111022 0.5
020111100 0.5
020111102 0.5
020111120 0.5
020111201 0.5
020111202 0.5
020111210 0.5
020111220 0.5
020111222 1.0
020112011 0.5
020112012 0.5
020112021 0.5
020112101 0.5
020112102 0.5
020112110 0.5
020112120 0.5
020112122 0.5
020112201 0.5
020112210 0.5
020112212 0.5
020112221 0.0
020112222 0.5
020120111 0.5
020120112 0.5
020120121 0.5
020120211 0.5
020121011 0.5
020121012 0.5
020121021 0.5
020121101 0.5
020121102 0.5
020121110 0.5
020121120 0.5
020121122 0.5
020121201 0.5
020121210 0.5
020121212 0.5
020121221 0.5
020121222 0.5
020122011 0.5
020122101 0.5
020122110 0.5
020122112 0.5
020122121 0.5
020122122 0.5
020122211 0.5
020122212 0.5
020122221 0.5
020201111 0.5
020201112 0.5
020201121 0.5
020201211 0.5
020202111 0.5
020210111 0.5
020210112 0.5
020210121 0.5
020210211 0.5
020211011 0.5
020211012 0.5
020211021 0.5
020211101 0.5
020211102 0.5
020211110 0.5
020211120 0.5
020211122 0.5
020211201 0.5
020211210 0.5
020211212 0.5
020211221 0.5
020211222 0.5
020212011 0.5
020212101 0.5
020212110 0.5
020212112 0.5
020212121 0.5
020212122 0.5
020212211 0.5
020212212 0.5
020212221 0.5
020220111 0.5
020221011 0.5
020221101 0.5
020221110 0.5
020221112 0.5
020221121 0.5
020221122 0.5
020221211 0.5
020221212 0.5
020221221 0.5
020222111 0.5
020222112 0.5
020222121 0.5
020222211 0.5
021000111 0.5
021001011 0.5
021001101 0.5
021001110 0.5
021001112 0.0
021001121 0.5
021001122 0.5
021001211 0.5
021001212 0.5
021001221 0.5
021002111 0.5
021002112 0.5
021002121 0.5
021002211 0.5
021010011 0.5
021010101 0.5
021010110 0.5
021010112 0.5
021010121 1.0
021010122 0.5
021010211 0.5
021010212 0.5
021010221 0.5
021011001 0.5
021011010 0.5
021011012 0.5
021011021 0.5
021011022 0.5
021011100 0.5
021011102 0.5
021011120 0.5
021011201 0.5
021011202 0.5
021011210 0.5
021011220 0.5
021011222 0.0
021012011 0.5
021012012 0.5
021012021 0.5
021012101 0.5
021012102 0.5
021012110 0.5
021012120 0.5
021012122 0.5
021012201 0.5
021012210 0.5
021012212 0.5
021012221 0.38032417499999943
021012222 0.5
021020111 0.5
021020112 0.5
021020121 0.5
021020211 0.5
021021011 0.5
021021012 0.5
021021021 0.5
021021101 0.5
021021102 0.5
021021110 0.5
021021120 0.5
021021122 0.5
021021201 0.5
021021210 0.5
021021212 0.5
021021221 0.5
021021222 0.2600749999999989
021022011 0.5
021022101 0.5
021022110 0.5
021022112 0.5
021022121 0.5
021022122 0.5
021022211 0.5
021022212 0.5
021022221 0.5
021100011 0.5
021100101 0.5
021100110 0.5
021100112 0.5
021100121 0.0
021100122 0.5
021100211 0.5
021100212 0.5
021100221 0.5
021101001 0.5
021101010 0.5
021101012 0.7499933999999998
021101021 0.5
021101022 0.5
021101100 0.5
021101102 0.0
021101120 0.5
021101201 1.0
021101202 0.5
021101210 0.5
021101220 0.5
021101222 0.7499944500277198
021102011 0.5
021102012 0.5
021102021 0.5
021102101 0.5
021102102 0.5
021102110 0.5
021102120 0.5
021102122 0.5
021102201 0.5
021102210 0.5
021102212 0.5
021102221 0.5
021102222 0.5
021110001 0.5
021110010 0.5
021110012 0.5
021110021 0.5
021110022 0.5
021110100 0.5
021110102 0.5
021110120 0.5
021110201 0.5
021110202 0.5
021110210 0.5
021110220 0.5
021110222 0.5
021111000 0.5
021111002 0.5
021111020 0.5
021111200 0.5
021112001 0.5
021112002 0.5
021112010 0.5
021112020 0.5
021112022 0.5
021112100 0.5
021112200 0.5
021112202 0.7486250000000001
021112220 0.5
021120011 0.5
021120012 0.5
021120021 0.5
021120101 0.5
021120102 0.5
021120110 0.5
021120120 0.5
021120122 0.5
021120201 0.5
021120210 0.5
021120212 0.5
021120221 0.25214999999999976
021120222 0.5
021121001 0.5
021121002 0.5
021121010 0.5
021121020 0.5
021121022 0.740425000000001
021121100 0.5
021121200 0.5
021121202 0.2535749999999996
021121220 0.5
021122001 0.5
021122010 0.5
021122012 0.5
021122021 0.5
021122022 0.5
021122100 0.5
021122102 0.5
021122120 0.258999999999999
021122201 0.5
021122202 0.5
021122210 0.5
021122220 0.5
021122222 0.4765678373158748
021200111 0.5
021200112 0.5
021200121 0.5
021200211 0.5
021201011 0.5
021201012 0.5
021201021 0.5
021201101 0.5
021201102 0.5
021201110 0.5
021201120 0.5
021201122 0.5
021201201 0.5
021201210 0.5
021201212 0.5
021201221 0.5
021201222 0.5
021202011 0.5
021202101 0.5
021202110 0.5
021202112 0.5
021202121 0.30845521231603057
021202122 0.5
021202211 0.25777499999999914
021202212 0.5
021202221 0.5
021210011 0.5
021210012 0.5
021210021 0.5
021210101 0.5
021210102 0.5
021210110 0.5
021210120 0.5
021210122 0.5
021210201 0.5
021210210 0.5
021210212 0.5
021210221 0.7458250000000004
021210222 0.5
021211001 0.5
021211002 0.5
021211010 0.5
021211020 0.5
021211022 0.5
021211100 0.5
021211200 0.5
021211202 0.5
021211220 0.5
021212001 0.5
021212010 0.5
021212012 0.5
021212021 0.5
021212022 0.5
021212100 0.5
021212102 1.0
021212120 0.5
021212201 0.5
021212202 0.5
021212210 0.5
021212220 0.5
021212222 0.7499932999999999
021220011 0.5
021220101 0.5
021220110 0.5
021220112 0.5
021220121 0.6127650050000013
021220122 0.5
021220211 0.5
021220212 0.5
021220221 0.5
021221001 0.5
021221010 0.5
021221012 0.5
021221021 0.5
021221022 0.5
021221100 0.5
021221102 0.5
021221120 0.2500007
021221201 0.5
021221202 0.5
021221210 0.5
021221220 0.5
021221222 0.5
021222011 0.5
021222012 0.5
021222021 0.5
021222101 0.5
021222102 0.5
021222110 0.25000065000000005
021222120 0.5
021222122 0.3781054687499997
021222201 0.5
021222210 0.5
021222212 0.5
021222221 0.42016263085375455
021222222 0.5
022001111 0.5
022001112 0.5
022001121 0.5
022001211 0.5
022002111 0.5
022010111 0.5
022010112 0.5
022010121 0.5
022010211 0.5
022011011 0.5
022011012 0.5
022011021 0.5
022011101 0.5
022011102 0.5
022011110 0.5
022011120 0.5
022011122 0.5
022011201 0.5
022011210 0.5
022011212 0.5
022011221 0.5
022011222 0.5
022012011 0.5
022012101 0.5
022012110 0.5
022012112 0.5
022012121 0.74999975
022012122 0.5
022012211 0.5
022012212 0.5
022012221 0.5
022020111 0.5
022021011 0.5
022021101 0.5
022021110 0.5
022021112 0.5
022021121 0.5
022021122 0.5
022021211 0.5
022021212 0.5
022021221 0.5
022022111 0.5
022022112 0.5
022022121 0.5
022022211 0.5
022100111 0.5
022100112 0.5
022100121 0.5
022100211 0.5
022101011 0.5
022101012 0.5
022101021 0.5
022101101 0.5
022101102 0.5
022101110 0.5
022101120 0.5
022101122 0.5
022101201 0.5
022101210 0.5
022101212 0.5
022101221 0.5
022101222 0.5
022102011 0.5
022102101 0.5
022102110 0.5
022102112 0.5
022102121 0.2500001
022102122 0.5
022102211 0.6171038012500009
022102212 0.5
022102221 0.5
022110011 0.5
022110012 0.5
022110021 0.5
022110101 0.5
022110102 0.5
022110110 0.5
022110120 0.5
022110122 0.5
022110201 0.5
022110210 0.5
022110212 0.5
022110221 0.5
022110222 0.5
022111001 0.5
022111002 0.5
022111010 0.5
022111020 0.5
022111022 0.5
022111100 0.5
022111200 0.5
022111202 0.5
022111220 0.5
022112001 0.5
022112010 0.5
022112012 0.5
022112021 0.5
022112022 0.5
022112100 0.5
022112102 0.5
022112120 0.5
022112201 0.5
022112202 0.5
022112210 0.5
022112220 0.5
022112222 0.5
022120011 0.5
022120101 0.5
022120110 0.5
022120112 0.5
022120121 0.5
022120122 0.5
022120211 0.5
022120212 0.5
022120221 0.5
022121001 0.5
022121010 0.5
022121012 0.5
022121021 0.5
022121022 0.5
022121100 0.5
022121102 0.5
022121120 0.5
022121201 0.5
022121202 0.5
022121210 0.5
022121220 0.5
022121222 0.5
022122011 0.5
022122012 0.5
022122021 0.5
022122101 0.5
022122102 0.5
022122110 0.5
022122120 0.5
022122122 0.12986659999999944
022122201 0.5
022122210 0.5
022122212 0.5
022122221 0.5
022122222 0.5
022200111 0.5
022201011 0.5
022201101 0.5
022201110 0.5
022201112 0.5
022201121 0.5
022201122 0.5
022201211 0.5
022201212 0.5
022201221 0.5
022202111 0.5
022202112 0.5
022202121 0.5
022202211 0.5
022210011 0.5
022210101 0.5
022210110 0.5
022210112 0.5
022210121 0.5
022210122 0.5
022210211 0.5
022210212 0.5
022210221 0.5
022211001 0.5
022211010 0.5
022211012 0.5
022211021 0.5
022211022 0.5
022211100 0.5
022211102 0.5
022211120 0.5
022211201 0.5
022211202 0.5
022211210 0.5
022211220 0.5
022211222 0.8092438858570004
022212011 0.5
022212012 0.5
022212021 0.5
022212101 0.5
022212102 0.5
022212110 0.5
022212120 0.5
022212122 0.7438000000000007
022212201 0.5
022212210 0.5
022212212 0.3759232887499999
022212221 0.5
022212222 0.5
022220111 0.5
022220112 0.5
022220121 0.5
022220211 0.5
022221011 0.5
022221012 0.5
022221021 0.5
022221101 0.5
022221102 0.5
022221110 0.5
022221120 0.5
022221122 0.5
022221201 0.5
022221210 0.5
022221212 0.5
022221221 0.5
022221222 0.5
022222011 0.5
022222101 0.5
022222110 0.5
022222112 0.5
022222121 0.5
022222122 0.5
022222211 0.5
022222212 0.5
022222221 0.5
100001111 1.0
100001112 0.5
100001121 0.5
100001211 0.5
100002111 0.5
100010111 1.0
100010112 0.5
100010121 0.5
100010211 0.5
100011011 1.0
100011012 0.7484750000000002
100011021 0.5
100011101 1.0
100011102 0.5
100011110 0.5
100011120 0.5
100011122 0.7464000000000004
100011201 0.5
100011210 0.5
100011212 0.5
100011221 0.5
100011222 0.5
100012011 0.5
100012101 0.5
100012110 0.5
100012112 0.7486384912500001
100012121 1.0
100012122 0.5
100012211 0.5
100012212 0.5
100012221 0.5
100020111 0.5
100021011 0.5
100021101 0.5
100021110 0.5
100021112 0.5
100021121 0.7376750000000014
100021122 0.5
100021211 0.5
100021212 0.5
100021221 0.5
100022111 0.5
100022112 0.5
100022121 0.5
100022211 0.5
100100111 1.0
100100112 0.5
100100121 0.5
100100211 0.5
100101011 0.5
100101012 0.5
100101021 0.5
100101101 0.5
100101102 0.5
100101110 0.5
100101120 0.5
100101122 1.0
100101201 0.5
100101210 0.5
100101212 0.5
100101221 0.0
100101222 0.5
100102011 0.5
100102101 0.5
100102110 0.5
100102112 1.0
100102121 0.5
100102122 0.5
100102211 0.7492500000000001
100102212 0.5
100102221 0.5
100110011 1.0
100110012 0.5
100110021 0.5
100110101 0.5
100110102 0.5
100110110 0.5
100110120 0.5
100110122 1.0
100110201 0.5
100110210 0.5
100110212 0.5
100110221 0.5
100110222 0.5
100111001 0.5
100111002 0.5
100111010 0.5
100111020 0.5
100111022 1.0
100111100 0.5
100111200 0.5
100111202 1.0
100111220 1.0
100112001 0.5
100112010 0.5
100112012 0.5
100112021 0.5
100112022 0.5
100112100 0.5
100112102 1.0
100112120 0.5
100112201 1.0
100112202 0.5
100112210 0.5
100112220 0.5
100112222 0.8732973450000002
100120011 0.5
100120101 0.5
100120110 0.5
100120112 0.5
100120121 1.0
100120122 0.5
100120211 0.5
100120212 0.5
100120221 0.5
100121001 0.5
100121010 0.5
100121012 0.5
100121021 0.5
100121022 0.5
100121100 0.5
100121102 0.5
100121120 1.0
100121201 0.5
100121202 0.5
100121210 0.5
100121220 0.5
100121222 0.2526499999999997
100122011 0.5
100122012 0.5
100122021 0.5
100122101 0.5
100122102 0.5
100122110 0.5
100122120 0.5
100122122 0.5
100122201 0.5
100122210 0.5
100122212 0.5
100122221 0.8115431517437501
100122222 0.5
100200111 0.5
100201011 0.5
100201101 0.5
100201110 0.5
100201112 0.5
100201121 0.7442250000000006
100201122 0.5
100201211 0.5
100201212 0.5
100201221 0.5
100202111 0.5
100202112 0.5
100202121 0.5
100202211 0.5
100210011 0.5
100210101 0.5
100210110 0.5
100210112 0.5
100210121 0.5
100210122 0.5
100210211 0.5
100210212 0.5
100210221 0.5
100211001 0.5
100211010 0.5
100211012 0.5
100211021 0.5
100211022 0.5
100211100 0.5
100211102 0.5
100211120 0.5
100211201 0.5
100211202 0.5
100211210 0.5
100211220 0.5
100211222 0.6214259200000004
100212011 0.5
100212012 0.5
100212021 0.5
100212101 0.5
100212102 0.5
100212110 0.5
100212120 0.5
100212122 0.5
100212201 0.5
100212210 0.5
100212212 0.5
100212221 1.0
100212222 0.5
100220111 0.5
100220112 0.5
100220121 0.5
100220211 0.5
100221011 0.5
100221012 0.5
100221021 0.5
100221101 0.5
100221102 0.5
100221110 0.5
100221120 0.5
100221122 0.5
100221201 0.5
100221210 0.5
100221212 0.5
100221221 0.5
100221222 0.5
100222011 0.5
100222101 0.5
100222110 0.5
100222112 0.8077068421120006
100222121 0.7431500000000008
100222122 0.5
100222211 0.5
100222212 0.5
100222221 0.5
101000111 0.5
101000112 0.5
101000121 0.5
101000211 0.5
101001011 1.0
101001012 0.5
101001021 0.5
101001101 0.5
101001102 0.5
101001110 0.5
101001120 0.5
101001122 0.0
101001201 0.5
101001210 0.5
101001212 0.7484500000000002
101001221 1.0
101001222 0.5
101002011 0.5
101002101 0.5
101002110 0.5
101002112 0.0
101002121 0.0
101002122 0.25667499999999926
101002211 0.5
101002212 0.5
101002221 0.5
101010011 1.0
101010012 0.5
101010021 0.5
101010101 0.5
101010102 0.5
101010110 1.0
101010120 0.5
101010122 1.0
101010201 0.5
101010210 0.5
101010212 0.8740867125000001
101010221 1.0
101010222 0.5
101011001 1.0
101011002 0.5
101011010 0.5
101011020 0.5
101011022 0.9325718156380005
101011100 1.0
101011200 0.5
101011202 0.7463500000000004
101011220 0.5
101012001 0.5
101012010 0.5
101012012 0.5
101012021 0.5
101012022 0.5
101012100 0.5
101012102 1.0
101012120 1.0
101012201 1.0
101012202 0.5
101012210 0.5
101012220 0.5
101012222 0.7460389125430005
101020011 0.5
101020101 0.5
101020110 0.5
101020112 0.5
101020121 0.5
101020122 0.5
101020211 0.0
101020212 0.5
101020221 0.5
101021001 0.5
101021010 0.5
101021012 0.5
101021021 1.0
101021022 0.5
101021100 0.5
101021102 0.0
101021120 0.5
101021201 0.5
101021202 0.5
101021210 0.5
101021220 0.5
101021222 0.7467250000000003
101022011 0.5
101022012 0.5
101022021 0.5
101022101 0.5
101022102 0.5
101022110 0.5
101022120 0.5
101022122 0.2601408671244989
101022201 0.5
101022210 0.5
101022212 0.6858649831056252
101022221 0.2507999999999999
101022222 0.5
101100011 0.5
101100012 0.5
101100021 0.5
101100101 0.5
101100102 0.5
101100110 0.5
101100120 0.5
101100122 1.0
101100201 0.5
101100210 0.5
101100212 0.0
101100221 0.0
101100222 0.5
101101001 0.5
101101002 0.5
101101010 0.5
101101020 0.5
101101022 0.0
101101100 0.5
101101200 0.5
101101202 0.5
101101220 0.7484000000000002
101102001 0.5
101102010 0.5
101102012 0.5
101102021 0.5
101102022 0.5
101102100 0.5
101102102 0.5
101102120 1.0
101102201 0.5
101102202 0.5
101102210 0.5
101102220 0.5
101102222 0.0
101110001 1.0
101110002 0.5
101110010 0.5
101110020 0.5
101110022 0.7458000000000005
101110100 1.0
101110200 0.5
101110202 0.5
101110220 0.5
101111000 0.5
101112000 0.5
101112002 0.0
101112020 0.5
101112200 0.5
101120001 0.5
101120010 0.5
101120012 0.5
101120021 0.5
101120022 0.5
101120100 0.5
101120102 1.0
101120120 1.0
101120201 0.0
101120202 0.5
101120210 0.5
101120220 0.5
101120222 0.5
101121000 0.5
101121002 0.5
101121020 0.5
101121200 0.5
101122001 0.5
101122002 0.5
101122010 0.5
101122020 0.5
101122022 0.5
101122100 1.0
101122200 0.5
101122202 0.0
101122220 0.6234051200000001
101200011 0.5
101200101 0.5
101200110 0.5
101200112 0.5
101200121 0.5
101200122 0.5
101200211 0.5
101200212 0.5
101200221 0.5
101201001 0.5
101201010 0.5
101201012 0.5
101201021 0.5
101201022 0.5
101201100 0.5
101201102 0.5
101201120 0.5
101201201 0.5
101201202 0.5
101201210 0.5
101201220 0.5
101201222 0.2509749999999999
101202011 0.5
101202012 0.5
101202021 0.5
101202101 0.5
101202102 0.5
101202110 0.5
101202120 0.5
101202122 0.2574499999999992
101202201 0.5
101202210 0.5
101202212 0.6234548050000002
101202221 0.0
101202222 0.5
101210001 0.5
101210010 0.5
101210012 0.5
101210021 0.5
101210022 0.5
101210100 0.5
101210102 0.5
101210120 0.5
101210201 0.5
101210202 0.5
101210210 0.5
101210220 0.5
101210222 0.5
101211000 0.5
101211002 0.0
101211020 0.5
101211200 0.5
101212001 0.5
101212002 0.5
101212010 0.5
101212020 0.5
101212022 0.31042130292815234
101212100 0.5
101212200 0.5
101212202 0.0
101212220 0.5
101220011 0.5
101220012 0.5
101220021 0.5
101220101 0.5
101220102 0.5
101220110 0.5
101220120 0.5
101220122 0.9334493791567484
101220201 0.5
101220210 0.5
101220212 0.2536249999999996
101220221 0.25207499999999977
101220222 0.5
101221001 0.5
101221002 0.5
101221010 0.5
101221020 0.5
101221022 0.6214752050000004
101221100 0.5
101221200 0.5
101221202 0.6213766450000004
101221220 0.5
101222001 0.5
101222010 0.5
101222012 0.5
101222021 0.7426750000000009
101222022 0.5
101222100 0.5
101222102 0.0
101222120 0.9358357932724389
101222201 0.7483250000000001
101222202 0.5
101222210 0.5
101222220 0.5
101222222 0.2833212475653842
102000111 0.5
102001011 0.5
102001101 0.5
102001110 0.5
102001112 0.7434250000000007
102001121 0.5
102001122 0.5
102001211 0.5
102001212 0.5
102001221 0.5
102002111 0.5
102002112 0.5
102002121 0.5
102002211 0.5
102010011 0.5
102010101 0.5
102010110 0.5
102010112 0.5
102010121 0.5
102010122 0.5
102010211 0.5
102010212 0.5
102010221 0.5
102011001 0.5
102011010 0.5
102011012 0.5
102011021 0.5
102011022 0.5
102011100 0.5
102011102 0.5
102011120 0.5
102011201 0.5
102011202 0.5
102011210 0.5
102011220 0.5
102011222 0.7060772129699446
102012011 0.5
102012012 0.5
102012021 0.5
102012101 0.5
102012102 0.5
102012110 0.5
102012120 0.5
102012122 0.5
102012201 0.5
102012210 0.5
102012212 0.5
102012221 1.0
102012222 0.5
102020111 0.5
102020112 0.5
102020121 0.5
102020211 0.5
102021011 0.5
102021012 0.5
102021021 0.5
102021101 0.5
102021102 0.5
102021110 0.5
102021120 0.5
102021122 0.3217219290845615
102021201 0.5
102021210 0.5
102021212 0.5
102021221 0.5
102021222 0.5
102022011 0.5
102022101 0.5
102022110 0.5
102022112 0.5
102022121 0.5
102022122 0.5
102022211 0.5
102022212 0.5
102022221 0.5
102100011 0.5
102100101 0.5
102100110 0.5
102100112 0.5
102100121 0.5
102100122 0.5
102100211 0.5
102100212 0.5
102100221 0.5
102101001 0.5
102101010 0.5
102101012 0.5
102101021 0.5
102101022 0.5
102101100 0.5
102101102 0.5
102101120 0.5
102101201 0.5
102101202 0.5
102101210 0.5
102101220 0.5
102101222 0.2534499999999996
102102011 0.5
102102012 0.5
102102021 0.5
102102101 0.5
102102102 0.5
102102110 0.5
102102120 0.5
102102122 1.0
102102201 0.5
102102210 0.5
102102212 0.5
102102221 0.2542999999999995
102102222 0.5
102110001 0.5
102110010 0.5
102110012 0.5
102110021 0.5
102110022 0.5
102110100 0.5
102110102 0.5
102110120 0.5
102110201 0.5
102110202 0.5
102110210 0.5
102110220 0.5
102110222 0.5
102111000 0.5
102111002 0.5
102111020 0.5
102111200 0.5
102112001 0.5
102112002 0.5
102112010 0.5
102112020 0.5
102112022 0.5
102112100 0.5
102112200 0.5
102112202 0.5
102112220 0.5
102120011 0.5
102120012 0.5
102120021 0.5
102120101 0.5
102120102 0.5
102120110 0.5
102120120 0.5
102120122 0.5
102120201 0.5
102120210 0.5
102120212 0.5
102120221 0.5
102120222 0.5
102121001 0.5
102121002 0.5
102121010 0.5
102121020 0.5
102121022 0.5
102121100 0.5
102121200 0.5
102121202 0.5
102121220 0.7453750000000006
102122001 0.5
102122010 0.5
102122012 0.5
102122021 0.5
102122022 0.5
102122100 0.5
102122102 0.5
102122120 0.5
102122201 0.5
102122202 0.5
102122210 0.5
102122220 0.5
102122222 0.5
102200111 0.5
102200112 0.5
102200121 0.5
102200211 0.5
102201011 0.5
102201012 0.5
102201021 0.5
102201101 0.5
102201102 0.5
102201110 0.5
102201120 0.5
102201122 0.0
102201201 0.5
102201210 0.5
102201212 0.5
102201221 0.0
102201222 0.5
102202011 0.5
102202101 0.5
102202110 0.5
102202112 0.5
102202121 0.5
102202122 0.5
102202211 0.0
102202212 0.5
102202221 0.5
102210011 0.5
102210012 0.5
102210021 0.5
102210101 0.5
102210102 0.5
102210110 0.5
102210120 0.5
102210122 0.5
102210201 0.5
102210210 0.5
102210212 0.5
102210221 1.0
102210222 0.5
102211001 0.5
102211002 0.5
102211010 0.5
102211020 0.5
102211022 0.5
102211100 0.5
102211200 0.5
102211202 0.5
102211220 0.5
102212001 0.5
102212010 0.5
102212012 0.5
102212021 0.5
102212022 0.5
102212100 0.5
102212102 0.8716864991625004
102212120 0.5
102212201 0.5
102212202 0.5
102212210 0.5
102212220 0.5
102212222 0.8731890588358512
102220011 0.5
102220101 0.5
102220110 0.5
102220112 0.5
102220121 0.7374000000000014
102220122 0.5
102220211 0.5
102220212 0.5
102220221 0.5
102221001 0.5
102221010 0.5
102221012 0.5
102221021 0.5
102221022 0.5
102221100 0.5
102221102 0.5
102221120 0.5
102221201 0.5
102221202 0.5
102221210 0.5
102221220 0.5
102221222 0.4662891828572337
102222011 0.5
102222012 0.5
102222021 0.5
102222101 0.5
102222102 0.5
102222110 0.5
102222120 0.5
102222122 0.3180960683300619
102222201 0.5
102222210 0.5
102222212 0.44116457063877845
102222221 0.4350232686517154
102222222 0.5
110000111 0.5
110000112 0.5
110000121 0.5
110000211 0.5
110001011 0.5
110001012 0.5
110001021 0.5
110001101 0.5
110001102 0.5
110001110 0.5
110001120 0.5
110001122 0.5
110001201 0.5
110001210 0.5
110001212 0.0
110001221 0.0
110001222 0.5
110002011 0.5
110002101 0.5
110002110 0.5
110002112 0.0
110002121 0.0
110002122 0.5
110002211 0.5
110002212 0.5
110002221 0.5
110010011 0.5
110010012 0.5
110010021 0.5
110010101 1.0
110010102 0.5
110010110 0.5
110010120 0.5
110010122 0.0
110010201 0.5
110010210 0.5
110010212 1.0
110010221 1.0
110010222 0.5
110011001 1.0
110011002 0.5
110011010 1.0
110011020 0.5
110011022 0.9310496215800008
110011100 0.5
110011200 0.5
110011202 0.749825
110011220 0.5
110012001 0.5
110012010 0.5
110012012 0.5
110012021 1.0
110012022 0.5
110012100 0.5
110012102 0.5
110012120 0.0
110012201 1.0
110012202 0.5
110012210 0.5
110012220 0.5
110012222 0.6852427025300002
110020011 0.5
110020101 0.5
110020110 0.5
110020112 0.0
110020121 0.0
110020122 0.5
110020211 0.5
110020212 0.5
110020221 0.5
110021001 0.5
110021010 0.5
110021012 0.5
110021021 0.0
110021022 0.5
110021100 0.5
110021102 0.5
110021120 0.5
110021201 0.5
110021202 0.5
110021210 0.5
110021220 0.5
110021222 0.6769491861200012
110022011 0.5
110022012 0.5
110022021 0.5
110022101 0.5
110022102 0.5
110022110 0.5
110022120 0.5
110022122 0.5
110022201 0.5
110022210 0.5
110022212 0.25124999999999986
110022221 0.2526999999999997
110022222 0.5
110100011 0.5
110100012 0.5
110100021 0.5
110100101 1.0
110100102 0.5
110100110 0.5
110100120 0.5
110100122 1.0
110100201 0.5
110100210 0.5
110100212 0.0
110100221 0.0
110100222 0.5
110101001 0.5
110101002 0.5
110101010 0.5
110101020 0.5
110101022 0.5
110101100 1.0
110101200 0.5
110101202 0.0
110101220 0.0
110102001 0.5
110102010 0.5
110102012 0.5
110102021 0.5
110102022 0.5
110102100 0.5
110102102 0.5
110102120 1.0
110102201 0.7499978999999999
110102202 0.5
110102210 0.0
110102220 0.5
110102222 0.0
110110001 1.0
110110002 0.5
110110010 0.5
110110020 0.5
110110022 0.0
110110100 0.5
110110200 0.5
110110202 0.0
110110220 0.5
110111000 0.5
110112000 0.5
110112002 0.0
110112020 0.5
110112200 0.0
110120001 0.5
110120010 0.5
110120012 0.5
110120021 0.5
110120022 0.5
110120100 0.5
110120102 1.0
110120120 0.5
110120201 0.74999785
110120202 0.5
110120210 0.5
110120220 0.5
110120222 0.2529249999999997
110121000 0.5
110121002 0.5
110121020 0.5
110121200 0.5
110122001 0.5
110122002 0.5
110122010 0.5
110122020 0.5
110122022 0.0
110122100 0.5
110122200 0.5
110122202 0.5
110122220 0.250225
110200011 0.5
110200101 0.5
110200110 0.5
110200112 0.5
110200121 0.5
110200122 0.5
110200211 0.5
110200212 0.5
110200221 0.5
110201001 0.5
110201010 0.5
110201012 0.5
110201021 0.5
110201022 0.5
110201100 0.5
110201102 0.5
110201120 0.5
110201201 0.5
110201202 0.5
110201210 0.5
110201220 0.5
110201222 0.2552249999999994
110202011 0.5
110202012 0.5
110202021 0.5
110202101 0.5
110202102 0.5
110202110 0.5
110202120 0.5
110202122 0.0
110202201 0.5
110202210 0.5
110202212 0.0
110202221 0.25694999999999923
110202222 0.5
110210001 0.5
110210010 0.5
110210012 1.0
110210021 0.5
110210022 0.5
110210100 0.5
110210102 0.5
110210120 0.5
110210201 0.5
110210202 0.5
110210210 0.5
110210220 0.5
110210222 0.25402499999999956
110211000 0.5
110211002 0.0
110211020 0.5
110211200 0.5
110212001 0.5
110212002 0.5
110212010 0.5
110212020 0.5
110212022 0.3811731212499993
110212100 0.5
110212200 0.5
110212202 0.62482506125
110212220 0.25032499999999996
110220011 0.5
110220012 0.5
110220021 0.5
110220101 0.5
110220102 0.5
110220110 0.5
110220120 0.5
110220122 0.2582499999999991
110220201 0.5
110220210 0.5
110220212 0.7479000000000002
110220221 0.7498750000000001
110220222 0.5
110221001 0.5
110221002 0.5
110221010 0.5
110221020 0.5
110221022 0.2553999999999994
110221100 0.5
110221200 0.5
110221202 0.5
110221220 0.5
110222001 0.5
110222010 0.5
110222012 0.0
110222021 0.0
110222022 0.5
110222100 0.5
110222102 0.7419000000000009
110222120 0.5
110222201 0.5
110222202 0.5
110222210 0.5
110222220 0.5
110222222 0.4065966431296246
111000011 0.5
111000012 0.5
111000021 0.5
111000101 0.5
111000102 0.5
111000110 0.5
111000120 0.5
111000122 0.5
111000201 0.5
111000210 0.5
111000212 0.5
111000221 0.5
111000222 0.5
111001001 0.5
111001002 0.5
111001010 0.5
111001020 0.5
111001022 0.5
111001100 0.5
111001200 0.5
111001202 0.5
111001220 0.5
111002001 0.5
111002010 0.5
111002012 0.5
111002021 0.5
111002022 0.5
111002100 0.5
111002102 0.5
111002120 1.0
111002201 1.0
111002202 0.5
111002210 0.5
111002220 1.0
111002222 1.0
111010001 0.5
111010002 0.5
111010010 0.5
111010020 0.5
111010022 1.0
111010100 0.5
111010200 0.5
111010202 0.5
111010220 0.5
111011000 0.5
111012000 0.5
111012002 0.5
111012020 0.5
111012200 0.5
111020001 0.5
111020010 0.5
111020012 0.5
111020021 0.5
111020022 0.5
111020100 0.5
111020102 0.5
111020120 1.0
111020201 0.5
111020202 0.5
111020210 0.5
111020220 0.5
111020222 1.0
111021000 0.5
111021002 0.5
111021020 0.5
111021200 0.5
111022001 0.5
111022002 0.5
111022010 0.5
111022020 0.5
111022022 1.0
111022100 0.5
111022200 0.5
111022202 1.0
111022220 1.0
111100001 0.5
111100002 0.5
111100010 0.5
111100020 0.5
111100022 0.5
111100100 0.5
111100200 0.5
111100202 0.5
111100220 0.5
111101000 0.5
111102000 0.5
111102002 0.5
111102020 0.5
111102200 0.5
111110000 0.5
111120000 0.5
111120002 0.5
111120020 0.5
111120200 0.5
111122000 0.5
111200001 0.5
111200010 0.5
111200012 0.5
111200021 0.5
111200022 0.5
111200100 0.5
111200102 0.5
111200120 0.5
111200201 0.5
111200202 0.5
111200210 0.5
111200220 0.5
111200222 1.0
111201000 0.5
111201002 0.5
111201020 0.5
111201200 0.5
111202001 0.5
111202002 0.5
111202010 0.5
111202020 0.5
111202022 1.0
111202100 0.5
111202200 0.5
111202202 1.0
111202220 1.0
111210000 0.5
111210002 1.0
111210020 0.5
111210200 0.5
111212000 0.5
111220001 0.5
111220002 0.5
111220010 0.5
111220020 0.5
111220022 1.0
111220100 0.5
111220200 0.5
111220202 1.0
111220220 1.0
111221000 0.5
111222000 0.5
111222002 1.0
111222020 1.0
111222200 0.5
112000011 0.5
112000101 0.5
112000110 0.5
112000112 0.5
112000121 0.5
112000122 0.5
112000211 0.5
112000212 0.5
112000221 0.5
112001001 0.5
112001010 0.5
112001012 0.5
112001021 0.5
112001022 0.5
112001100 0.5
112001102 0.5
112001120 0.5
112001201 0.5
112001202 0.5
112001210 0.5
112001220 0.5
112001222 0.2599249999999989
112002011 0.5
112002012 0.5
112002021 0.5
112002101 0.5
112002102 0.5
112002110 0.5
112002120 0.5
112002122 0.7432000000000007
112002201 0.5
112002210 0.5
112002212 0.5
112002221 0.2517749999999998
112002222 0.5
112010001 0.5
112010010 0.5
112010012 0.5
112010021 0.5
112010022 0.5
112010100 0.5
112010102 0.5
112010120 0.5
112010201 0.5
112010202 0.5
112010210 0.5
112010220 0.5
112010222 0.5
112011000 0.5
112011002 0.0
112011020 0.5
112011200 0.5
112012001 0.5
112012002 0.5
112012010 0.5
112012020 0.5
112012022 0.7499973
112012100 0.5
112012200 0.5
112012202 0.5
112012220 0.5
112020011 0.5
112020012 0.5
112020021 0.5
112020101 0.5
112020102 0.5
112020110 0.5
112020120 0.5
112020122 0.2626249999999986
112020201 0.5
112020210 0.5
112020212 0.0
112020221 0.5
112020222 0.7494500000000001
112021001 0.5
112021002 0.5
112021010 0.5
112021020 0.5
112021022 0.5
112021100 0.5
112021200 0.5
112021202 0.5
112021220 0.5
112022001 0.5
112022010 0.5
112022012 0.5
112022021 0.7457500000000005
112022022 0.5
112022100 0.5
112022102 0.5
112022120 0.2581749999999991
112022201 0.7416500000000009
112022202 0.5
112022210 0.5
112022220 0.5
112022222 0.9339284119682504
112100001 0.5
112100010 0.5
112100012 0.5
112100021 0.5
112100022 0.5
112100100 0.5
112100102 0.5
112100120 0.5
112100201 0.5
112100202 0.5
112100210 0.5
112100220 0.5
112100222 0.5
112101000 0.5
112101002 0.5
112101020 0.5
112101200 0.5
112102001 0.5
112102002 0.5
112102010 0.5
112102020 0.5
112102022 0.0
112102100 0.5
112102200 0.5
112102202 0.5
112102220 0.8970705897888194
112110000 0.5
112110002 0.5
112110020 0.5
112110200 0.5
112112000 0.5
112120001 0.5
112120002 0.5
112120010 0.5
112120020 0.5
112120022 0.5
112120100 0.5
112120200 0.5
112120202 0.7393500000000012
112120220 0.0
112121000 0.5
112122000 0.5
112122002 0.5
112122020 0.5
112122200 0.5
112200011 0.5
112200012 0.5
112200021 0.5
112200101 0.5
112200102 0.5
112200110 0.5
112200120 0.5
112200122 0.5
112200201 0.5
112200210 0.5
112200212 0.2517999999999998
112200221 0.2573499999999992
112200222 0.5
112201001 0.5
112201002 0.5
112201010 0.5
112201020 0.5
112201022 0.5
112201100 0.5
112201200 0.5
112201202 0.5
112201220 0.5
112202001 0.5
112202010 0.5
112202012 0.0
112202021 0.5
112202022 0.5
112202100 0.5
112202102 0.5
112202120 0.7374250000000013
112202201 0.6249979000088199
112202202 0.5
112202210 0.5
112202220 0.5
112202222 0.4571708529892067
112210001 0.5
112210002 0.5
112210010 0.5
112210020 0.5
112210022 0.74999725
112210100 0.5
112210200 0.5
112210202 0.5
112210220 0.5
112211000 0.5
112212000 0.5
112212002 0.2500028000000001
112212020 0.5
112212200 0.5
112220001 0.5
112220010 0.5
112220012 0.5
112220021 0.5
112220022 0.5
112220100 0.5
112220102 0.5
112220120 0.0
112220201 0.6249978500092449
112220202 0.7394250000000011
112220210 0.5
112220220 0.5
112220222 0.912755657197007
112221000 0.5
112221002 0.5
112221020 0.5
112221200 0.5
112222001 0.5
112222002 0.7499975499999999
112222010 0.5
112222020 0.5
112222022 0.2426803069033226
112222100 0.5
112222200 0.5
112222202 0.39385282655936305
112222220 0.37522489875
120000111 0.5
120001011 0.5
120001101 0.5
120001110 0.5
120001112 0.5
120001121 0.5
120001122 0.5
120001211 0.0
120001212 0.5
120001221 0.5
120002111 0.5
120002112 0.5
120002121 0.5
120002211 0.5
120010011 0.5
120010101 0.5
120010110 0.5
120010112 0.5
120010121 0.5
120010122 0.5
120010211 0.5
120010212 0.5
120010221 0.5
120011001 0.5
120011010 0.5
120011012 0.5
120011021 0.5
120011022 0.5
120011100 0.5
120011102 0.5
120011120 0.5
120011201 0.5
120011202 0.5
120011210 0.5
120011220 0.5
120011222 0.7050503049856076
120012011 0.5
120012012 0.5
120012021 0.5
120012101 0.5
120012102 0.5
120012110 0.5
120012120 0.5
120012122 0.5
120012201 0.5
120012210 0.5
120012212 0.6235608982266877
120012221 1.0
120012222 0.5
120020111 0.5
120020112 0.5
120020121 0.5
120020211 0.5
120021011 0.5
120021012 0.5
120021021 0.5
120021101 0.5
120021102 0.5
120021110 0.5
120021120 0.5
120021122 0.5
120021201 0.5
120021210 0.5
120021212 0.5
120021221 0.5
120021222 0.5
120022011 0.5
120022101 0.5
120022110 0.5
120022112 0.5
120022121 0.3844702924999989
120022122 0.5
120022211 0.5
120022212 0.5
120022221 0.5
120100011 0.5
120100101 0.5
120100110 0.5
120100112 0.5
120100121 0.5
120100122 0.5
120100211 0.5
120100212 0.5
120100221 0.5
120101001 0.5
120101010 0.5
120101012 0.5
120101021 0.5
120101022 0.5
120101100 0.5
120101102 0.5
120101120 0.5
120101201 0.5
120101202 0.5
120101210 0.5
120101220 0.5
120101222 0.3804980299999994
120102011 0.5
120102012 0.5
120102021 0.5
120102101 0.5
120102102 0.5
120102110 0.5
120102120 1.0
120102122 0.5
120102201 0.5
120102210 0.5
120102212 0.5
120102221 0.5
120102222 0.5
120110001 0.5
120110010 0.5
120110012 0.7458500000000005
120110021 0.5
120110022 0.5
120110100 0.5
120110102 0.5
120110120 0.5
120110201 0.5
120110202 0.5
120110210 0.5
120110220 0.5
120110222 0.6084129369470941
120111000 0.5
120111002 0.5
120111020 0.5
120111200 0.5
120112001 0.5
120112002 0.5
120112010 0.5
120112020 0.5
120112022 0.7499973499999999
120112100 0.5
120112200 0.5
120112202 0.5
120112220 0.0
120120011 0.5
120120012 0.5
120120021 0.5
120120101 0.5
120120102 0.5
120120110 0.5
120120120 0.5
120120122 0.5
120120201 0.5
120120210 0.5
120120212 0.5
120120221 0.5
120120222 0.5
120121001 0.5
120121002 0.5
120121010 0.5
120121020 0.5
120121022 0.0
120121100 0.5
120121200 0.5
120121202 0.5
120121220 0.5
120122001 0.5
120122010 0.5
120122012 0.5
120122021 0.5
120122022 0.5
120122100 0.5
120122102 0.5
120122120 0.5
120122201 0.5
120122202 0.5
120122210 0.5
120122220 0.5
120122222 0.44053405388098665
120200111 0.5
120200112 0.5
120200121 0.5
120200211 0.5
120201011 0.5
120201012 0.5
120201021 0.5
120201101 0.5
120201102 0.5
120201110 0.5
120201120 0.5
120201122 0.5
120201201 0.5
120201210 0.5
120201212 0.5
120201221 0.6190964012500006
120201222 0.5
120202011 0.5
120202101 0.5
120202110 0.5
120202112 0.5
120202121 0.0
120202122 0.5
120202211 0.5
120202212 0.5
120202221 0.5
120210011 0.5
120210012 0.5
120210021 0.5
120210101 0.5
120210102 0.5
120210110 0.5
120210120 0.5
120210122 0.5
120210201 0.5
120210210 0.5
120210212 0.5
120210221 1.0
120210222 0.5
120211001 0.5
120211002 0.5
120211010 0.5
120211020 0.5
120211022 0.5
120211100 0.5
120211200 0.5
120211202 0.7455000000000005
120211220 0.7499985499999999
120212001 0.5
120212010 0.5
120212012 0.5
120212021 0.5
120212022 0.5
120212100 0.5
120212102 0.5
120212120 0.5
120212201 1.0
120212202 0.5
120212210 0.5
120212220 0.5
120212222 0.506521328567018
120220011 0.5
120220101 0.5
120220110 0.5
120220112 0.5
120220121 0.5
120220122 0.5
120220211 0.5
120220212 0.5
120220221 0.5
120221001 0.5
120221010 0.5
120221012 0.5
120221021 0.5
120221022 0.615536245000001
120221100 0.5
120221102 0.5
120221120 0.7419250000000008
120221201 0.5
120221202 0.5
120221210 0.5
120221220 0.5
120221222 0.3776359549999997
120222011 0.5
120222012 0.5
120222021 0.5
120222101 0.5
120222102 0.5
120222110 0.5
120222120 0.5
120222122 0.4346743250192979
120222201 0.5
120222210 0.5
120222212 0.19237502718749946
120222221 0.8640406390645468
120222222 0.5
121000011 0.5
121000101 0.5
121000110 0.5
121000112 0.5
121000121 0.5
121000122 0.5
121000211 0.5
121000212 0.5
121000221 0.5
121001001 0.5
121001010 0.5
121001012 0.5
121001021 0.5
121001022 0.5
121001100 0.5
121001102 0.5
121001120 0.5
121001201 0.5
121001202 0.5
121001210 0.5
121001220 0.5
121001222 0.5
121002011 0.5
121002012 0.5
121002021 0.5
121002101 0.5
121002102 0.5
121002110 0.5
121002120 0.5
121002122 0.25942499999999896
121002201 0.5
121002210 0.5
121002212 0.5
121002221 0.0
121002222 0.5
121010001 0.5
121010010 0.5
121010012 0.5
121010021 0.5
121010022 0.5
121010100 0.5
121010102 0.5
121010120 0.5
121010201 0.5
121010202 0.5
121010210 0.5
121010220 0.5
121010222 0.5
121011000 0.5
121011002 0.5
121011020 0.5
121011200 0.5
121012001 0.5
121012002 0.5
121012010 0.5
121012020 0.5
121012022 0.5
121012100 0.5
121012200 0.5
121012202 0.5
121012220 0.5
121020011 0.5
121020012 0.5
121020021 0.5
121020101 0.5
121020102 0.5
121020110 0.5
121020120 0.5
121020122 0.5
121020201 0.5
121020210 0.5
121020212 0.5
121020221 0.5
121020222 0.5
121021001 0.5
121021002 0.5
121021010 0.5
121021020 0.5
121021022 0.5
121021100 0.5
121021200 0.5
121021202 0.5
121021220 0.5
121022001 0.5
121022010 0.5
121022012 0.5
121022021 0.5
121022022 0.5
121022100 0.5
121022102 0.5
121022120 0.8623187387500014
121022201 0.5
121022202 0.5
121022210 0.5
121022220 0.5
121022222 0.5
121100001 0.5
121100010 0.5
121100012 0.5
121100021 0.5
121100022 0.5
121100100 0.5
121100102 0.5
121100120 0.5
121100201 0.5
121100202 0.5
121100210 0.5
121100220 0.5
121100222 0.5
121101000 0.5
121101002 0.5
121101020 0.5
121101200 0.5
121102001 0.5
121102002 0.5
121102010 0.5
121102020 0.5
121102022 0.5
121102100 0.5
121102200 0.5
121102202 0.0
121102220 0.5
121110000 0.5
121110002 0.5
121110020 0.5
121110200 0.5
121112000 0.5
121120001 0.5
121120002 0.5
121120010 0.5
121120020 0.5
121120022 0.5
121120100 0.5
121120200 0.5
121120202 0.5
121120220 0.5
121121000 0.5
121122000 0.5
121122002 0.5
121122020 0.5
121122200 0.5
121200011 0.5
121200012 0.5
121200021 0.5
121200101 0.5
121200102 0.5
121200110 0.5
121200120 0.5
121200122 0.5
121200201 0.5
121200210 0.5
121200212 0.5
121200221 0.5
121200222 0.5
121201001 0.5
121201002 0.5
121201010 0.5
121201020 0.5
121201022 0.5
121201100 0.5
121201200 0.5
121201202 0.5
121201220 0.5
121202001 0.5
121202010 0.5
121202012 0.5
121202021 0.5
121202022 0.5
121202100 0.5
121202102 0.5
121202120 0.5
121202201 0.0
121202202 0.5
121202210 0.5
121202220 0.5
121202222 0.25949999999999895
121210001 0.5
121210002 0.5
121210010 0.5
121210020 0.5
121210022 0.5
121210100 0.5
121210200 0.5
121210202 0.5
121210220 0.5
121211000 0.5
121212000 0.5
121212002 0.2500030000000001
121212020 0.5
121212200 0.5
121220001 0.5
121220010 0.5
121220012 0.5
121220021 0.5
121220022 0.5
121220100 0.5
121220102 0.5
121220120 0.5
121220201 0.5
121220202 0.5
121220210 0.5
121220220 0.5
121220222 0.8583562232287602
121221000 0.5
121221002 0.5
121221020 0.5
121221200 0.5
121222001 0.5
121222002 0.5
121222010 0.5
121222020 0.5
121222022 0.4052117699783889
121222100 0.5
121222200 0.5
121222202 0.25000555000000013
121222220 0.9045677520723547
122000111 0.5
122000112 0.5
122000121 0.5
122000211 0.5
122001011 0.5
122001012 0.5
122001021 0.5
122001101 0.5
122001102 0.5
122001110 0.5
122001120 0.5
122001122 0.5
122001201 0.5
122001210 0.5
122001212 0.5
122001221 0.2561249999999993
122001222 0.5
122002011 0.5
122002101 0.5
122002110 0.5
122002112 0.5
122002121 0.5
122002122 0.5
122002211 0.5
122002212 0.5
122002221 0.5
122010011 0.5
122010012 0.5
122010021 0.5
122010101 0.5
122010102 0.5
122010110 0.5
122010120 0.5
122010122 0.5
122010201 0.5
122010210 0.5
122010212 0.5
122010221 0.5
122010222 0.5
122011001 0.5
122011002 0.5
122011010 0.5
122011020 0.5
122011022 0.26217499999999866
122011100 0.5
122011200 0.5
122011202 0.5
122011220 0.5
122012001 0.5
122012010 0.5
122012012 0.5
122012021 0.5
122012022 0.5
122012100 0.5
122012102 0.5
122012120 0.5
122012201 0.5
122012202 0.5
122012210 0.5
122012220 0.5
122012222 0.5
122020011 0.5
122020101 0.5
122020110 0.5
122020112 0.5
122020121 0.5
122020122 0.5
122020211 0.5
122020212 0.26244999999999863
122020221 0.5
122021001 0.5
122021010 0.5
122021012 0.5
122021021 0.5
122021022 0.5
122021100 0.5
122021102 0.5
122021120 0.5
122021201 0.5
122021202 0.5
122021210 0.5
122021220 0.5
122021222 0.46179824888729737
122022011 0.5
122022012 0.5
122022021 0.5
122022101 0.5
122022102 0.5
122022110 0.5
122022120 0.5
122022122 0.48135747803632917
122022201 0.5
122022210 0.5
122022212 0.5614035883737525
122022221 0.3757987199999999
122022222 0.5
122100011 0.5
122100012 0.5
122100021 0.5
122100101 0.5
122100102 0.5
122100110 0.5
122100120 0.5
122100122 0.5
122100201 0.5
122100210 0.5
122100212 0.5
122100221 0.5
122100222 0.5
122101001 0.5
122101002 0.5
122101010 0.5
122101020 0.5
122101022 0.5
122101100 0.5
122101200 0.5
122101202 0.5
122101220 0.5
122102001 0.5
122102010 0.5
122102012 0.5
122102021 0.5
122102022 0.5
122102100 0.5
122102102 0.5
122102120 0.5
122102201 0.5
122102202 0.5
122102210 0.5
122102220 0.5
122102222 0.6244755512500001
122110001 0.5
122110002 0.5
122110010 0.5
122110020 0.5
122110022 0.5
122110100 0.5
122110200 0.5
122110202 0.5
122110220 0.5
122111000 0.5
122112000 0.5
122112002 0.5
122112020 0.5
122112200 0.5
122120001 0.5
122120010 0.5
122120012 0.5
122120021 0.5
122120022 0.5
122120100 0.5
122120102 0.5
122120120 0.5
122120201 0.25227499999999975
122120202 0.5
122120210 0.5
122120220 0.5
122120222 0.624450605
122121000 0.5
122121002 0.5
122121020 0.5
122121200 0.5
122122001 0.5
122122002 0.5
122122010 0.5
122122020 0.5
122122022 0.3747163220675001
122122100 0.5
122122200 0.5
122122202 0.25064999999999993
122122220 0.3230832643461173
122200011 0.5
122200101 0.5
122200110 0.5
122200112 0.5
122200121 0.5
122200122 0.5
122200211 0.5
122200212 0.5
122200221 0.5
122201001 0.5
122201010 0.5
122201012 0.5
122201021 0.741675000000001
122201022 0.5
122201100 0.5
122201102 0.5
122201120 0.5
122201201 0.0
122201202 0.5
122201210 0.5
122201220 0.5
122201222 0.3818372048515617
122202011 0.5
122202012 0.5
122202021 0.5
122202101 0.5
122202102 0.5
122202110 0.5
122202120 0.5
122202122 0.7218791026995475
122202201 0.5
122202210 0.5
122202212 0.5613446926045002
122202221 0.19428077951043674
122202222 0.6986366579930152
122210001 0.5
122210010 0.5
122210012 0.5
122210021 0.5
122210022 0.5
122210100 0.5
122210102 0.5
122210120 0.5
122210201 0.5
122210202 0.5
122210210 0.5
122210220 0.5
122210222 0.5594388816065003
122211000 0.5
122211002 0.5
122211020 0.5
122211200 0.5
122212001 0.5
122212002 0.5
122212010 0.5
122212020 0.5
122212022 0.36904800549456573
122212100 0.5
122212200 0.5
122212202 0.2543999999999995
122212220 0.5
122220011 0.5
122220012 0.5
122220021 0.5
122220101 0.5
122220102 0.5
122220110 0.5
122220120 0.5
122220122 0.4443124724799993
122220201 0.5
122220210 0.5
122220212 0.37679351999999977
122220221 0.37706638874999976
122220222 0.668001066971071
122221001 0.5
122221002 0.5
122221010 0.5
122221020 0.5
122221022 0.41092589566053006
122221100 0.5
122221200 0.5
122221202 0.6509798569526741
122221220 0.6204177812500005
122222001 0.5
122222010 0.5
122222012 0.25219999999999976
122222021 0.339975980954056
122222022 0.8399224412705943
122222100 0.5
122222102 0.7140892769429981
122222120 0.36534111749252574
122222201 0.6628968040810785
122222202 0.5
122222210 0.5
122222220 0.5
122222222 0.3367750731333589
200001111 0.5
200010111 0.5
200011011 0.5
200011101 0.5
200011110 0.5
200011112 0.5
200011121 0.5
200011122 0.5
200011211 0.5
200011212 0.5
200011221 0.5
200012111 0.5
200012112 0.5
200012121 0.5
200012211 0.5
200021111 0.5
200021112 0.5
200021121 0.5
200021211 0.5
200022111 0.5
200100111 0.5
200101011 0.5
200101101 0.5
200101110 0.5
200101112 0.5
200101121 0.5
200101122 0.5
200101211 0.5
200101212 0.5
200101221 0.5
200102111 0.5
200102112 0.5
200102121 0.5
200102211 0.5
200110011 0.5
200110101 0.5
200110110 0.5
200110112 0.5
200110121 0.5
200110122 0.5
200110211 0.5
200110212 0.5
200110221 0.5
200111001 0.5
200111010 0.5
200111012 0.5
200111021 0.5
200111022 0.5
200111100 0.5
200111102 0.5
200111120 0.5
200111201 0.5
200111202 0.5
200111210 0.5
200111220 0.5
200111222 1.0
200112011 0.5
200112012 0.5
200112021 0.5
200112101 0.5
200112102 0.5
200112110 0.5
200112120 0.5
200112122 0.5
200112201 0.5
200112210 0.5
200112212 0.5
200112221 0.5
200112222 0.5
200120111 0.5
200120112 0.5
200120121 0.5
200120211 0.5
200121011 0.5
200121012 0.5
200121021 0.5
200121101 0.5
200121102 0.5
200121110 0.5
200121120 0.5
200121122 0.5
200121201 0.5
200121210 0.5
200121212 0.5
200121221 0.5
200121222 0.5
200122011 0.5
200122101 0.5
200122110 0.5
200122112 0.5
200122121 0.5
200122122 0.5
200122211 0.5
200122212 0.5
200122221 0.5
200201111 0.5
200201112 0.5
200201121 0.5
200201211 0.5
200202111 0.5
200210111 0.5
200210112 0.5
200210121 0.5
200210211 0.5
200211011 0.5
200211012 0.5
200211021 0.5
200211101 0.5
200211102 0.5
200211110 0.5
200211120 0.5
200211122 0.5
200211201 0.5
200211210 0.5
200211212 0.5
200211221 0.5
200211222 0.5
200212011 0.5
200212101 0.5
200212110 0.5
200212112 0.5
200212121 0.5
200212122 0.5
200212211 0.5
200212212 0.5
200212221 0.5
200220111 0.5
200221011 0.5
200221101 0.5
200221110 0.5
200221112 0.5
200221121 0.5
200221122 0.5
200221211 0.5
200221212 0.5
200221221 0.5
200222111 0.5
200222112 0.5
200222121 0.5
200222211 0.5
201000111 0.5
201001011 0.5
201001101 0.5
201001110 0.5
201001112 0.25000520000000015
201001121 0.5
201001122 0.5
201001211 0.5
201001212 0.5
201001221 0.5
201002111 0.5
201002112 0.5
201002121 0.5
201002211 0.5
201010011 0.5
201010101 0.5
201010110 0.5
201010112 0.5
201010121 0.5
201010122 0.5
201010211 0.5
201010212 0.5
201010221 0.5
201011001 0.5
201011010 0.5
201011012 0.5
201011021 0.5
201011022 0.5
201011100 0.5
201011102 0.5
201011120 0.5
201011201 0.5
201011202 0.5
201011210 0.5
201011220 0.5
201011222 0.5
201012011 0.5
201012012 0.5
201012021 0.5
201012101 0.5
201012102 0.5
201012110 0.5
201012120 0.5
201012122 1.0
201012201 0.5
201012210 0.5
201012212 0.5
201012221 0.7418000000000009
201012222 0.5
201020111 0.5
201020112 0.5
201020121 0.5
201020211 0.5
201021011 0.5
201021012 0.5
201021021 0.5
201021101 0.5
201021102 0.5
201021110 0.5
201021120 0.5
201021122 0.5
201021201 0.5
201021210 0.5
201021212 0.5
201021221 0.5
201021222 0.5
201022011 0.5
201022101 0.5
201022110 0.5
201022112 0.5
201022121 0.5
201022122 0.5
201022211 0.5
201022212 0.5
201022221 0.5
201100011 0.5
201100101 0.5
201100110 0.5
201100112 0.5
201100121 0.5
201100122 0.5
201100211 0.7446750000000006
201100212 0.5
201100221 0.5
201101001 0.5
201101010 0.5
201101012 0.5
201101021 0.5
201101022 0.5
201101100 0.5
201101102 0.5
201101120 0.5
201101201 0.5
201101202 0.5
201101210 0.5
201101220 0.5
201101222 0.7499947499999998
201102011 0.5
201102012 0.5
201102021 0.5
201102101 0.5
201102102 0.5
201102110 0.5
201102120 0.5
201102122 0.5
201102201 0.5
201102210 0.5
201102212 0.5
201102221 0.6197317112500006
201102222 0.5
201110001 0.5
201110010 0.5
201110012 0.5
201110021 0.5
201110022 0.5
201110100 0.5
201110102 0.5
201110120 0.5
201110201 0.5
201110202 0.5
201110210 0.5
201110220 0.5
201110222 0.5
201111000 0.5
201111002 0.5
201111020 0.5
201111200 0.5
201112001 0.5
201112002 0.5
201112010 0.5
201112020 0.5
201112022 0.5
201112100 0.5
201112200 0.5
201112202 0.5
201112220 0.5
201120011 0.5
201120012 0.5
201120021 0.5
201120101 0.5
201120102 0.5
201120110 0.5
201120120 0.5
201120122 0.5
201120201 0.5
201120210 0.5
201120212 0.5
201120221 0.5
201120222 0.5
201121001 0.5
201121002 0.5
201121010 0.5
201121020 0.5
201121022 0.5
201121100 0.5
201121200 0.5
201121202 0.7476750000000003
201121220 0.5
201122001 0.5
201122010 0.5
201122012 0.5
201122021 0.5
201122022 0.5
201122100 0.5
201122102 0.5
201122120 0.5
201122201 0.5
201122202 0.5
201122210 0.5
201122220 0.5
201122222 0.5
201200111 0.5
201200112 0.5
201200121 0.5
201200211 0.5
201201011 0.5
201201012 0.5
201201021 0.5
201201101 0.5
201201102 0.5
201201110 0.5
201201120 0.5
201201122 0.4375063249424027
201201201 0.5
201201210 0.5
201201212 0.5
201201221 0.5
201201222 0.5
201202011 0.5
201202101 0.5
201202110 0.5
201202112 0.5
201202121 0.5
201202122 0.5
201202211 0.5
201202212 0.5
201202221 0.5
201210011 0.5
201210012 0.5
201210021 0.5
201210101 0.5
201210102 0.5
201210110 0.5
201210120 0.5
201210122 0.5
201210201 0.5
201210210 0.5
201210212 0.5
201210221 0.5
201210222 0.5
201211001 0.5
201211002 0.5
201211010 0.5
201211020 0.5
201211022 0.5
201211100 0.5
201211200 0.5
201211202 0.5
201211220 0.5
201212001 0.5
201212010 0.5
201212012 0.5
201212021 0.5
201212022 0.5
201212100 0.5
201212102 0.5
201212120 0.5
201212201 0.5
201212202 0.5
201212210 0.5
201212220 0.5
201212222 0.5
201220011 0.5
201220101 0.5
201220110 0.5
201220112 0.5
201220121 0.5
201220122 0.5
201220211 0.5
201220212 0.5
201220221 0.5
201221001 0.5
201221010 0.5
201221012 0.5
201221021 1.0
201221022 0.5
201221100 0.5
201221102 0.5
201221120 0.5
201221201 0.5
201221202 0.5
201221210 0.5
201221220 0.5
201221222 0.6847190272095003
201222011 0.5
201222012 0.5
201222021 0.5
201222101 0.5
201222102 0.5
201222110 0.5
201222120 0.5
201222122 0.872174309816538
201222201 0.5
201222210 0.5
201222212 0.5
201222221 0.5
201222222 0.5
202001111 0.5
202001112 0.5
202001121 0.5
202001211 0.5
202002111 0.5
202010111 0.5
202010112 0.5
202010121 0.5
202010211 0.5
202011011 0.5
202011012 0.5
202011021 0.5
202011101 0.5
202011102 0.5
202011110 0.5
202011120 0.5
202011122 0.5
202011201 0.5
202011210 0.5
202011212 0.5
202011221 0.5
202011222 0.5
202012011 0.5
202012101 0.5
202012110 0.5
202012112 0.5
202012121 0.5
202012122 0.5
202012211 0.5
202012212 0.5
202012221 0.5
202020111 0.5
202021011 0.5
202021101 0.5
202021110 0.5
202021112 0.5
202021121 0.5
202021122 0.5
202021211 0.5
202021212 0.5
202021221 0.5
202022111 0.5
202022112 0.5
202022121 0.5
202022211 0.5
202100111 0.5
202100112 0.5
202100121 0.5
202100211 0.5
202101011 0.5
202101012 0.5
202101021 0.5
202101101 0.5
202101102 0.5
202101110 0.5
202101120 0.5
202101122 0.5
202101201 0.5
202101210 0.5
202101212 0.5
202101221 0.5
202101222 0.5
202102011 0.5
202102101 0.5
202102110 0.5
202102112 0.5
202102121 0.5
202102122 0.5
202102211 0.5
202102212 0.5
202102221 0.5
202110011 0.5
202110012 0.5
202110021 0.5
202110101 0.5
202110102 0.5
202110110 0.5
202110120 0.5
202110122 0.5
202110201 0.5
202110210 0.5
202110212 0.5
202110221 0.5
202110222 0.5
202111001 0.5
202111002 0.5
202111010 0.5
202111020 0.5
202111022 0.5
202111100 0.5
202111200 0.5
202111202 0.5
202111220 0.5
202112001 0.5
202112010 0.5
202112012 0.5
202112021 0.5
202112022 0.5
202112100 0.5
202112102 0.5
202112120 0.5
202112201 0.5
202112202 0.5
202112210 0.5
202112220 0.5
202112222 0.5
202120011 0.5
202120101 0.5
202120110 0.5
202120112 0.5
202120121 0.5
202120122 0.5
202120211 0.5
202120212 0.5
202120221 0.5
202121001 0.5
202121010 0.5
202121012 0.5
202121021 0.5
202121022 0.5
202121100 0.5
202121102 0.5
202121120 0.5
202121201 0.5
202121202 0.5
202121210 0.5
202121220 0.5
202121222 0.5
202122011 0.5
202122012 0.5
202122021 0.5
202122101 0.5
202122102 0.5
202122110 0.5
202122120 0.5
202122122 0.5
202122201 0.5
202122210 0.5
202122212 0.5
202122221 0.44253984281320957
202122222 0.5
202200111 0.5
202201011 0.5
202201101 0.5
202201110 0.5
202201112 0.5
202201121 0.5
202201122 0.5
202201211 0.5
202201212 0.5
202201221 0.5
202202111 0.5
202202112 0.5
202202121 0.5
202202211 0.5
202210011 0.5
202210101 0.5
202210110 0.5
202210112 0.5
202210121 0.5
202210122 0.5
202210211 0.5
202210212 0.5
202210221 0.5
202211001 0.5
202211010 0.5
202211012 0.5
202211021 0.5
202211022 0.5
202211100 0.5
202211102 0.5
202211120 0.5
202211201 0.5
202211202 0.5
202211210 0.5
202211220 0.5
202211222 0.7401500000000011
202212011 0.5
202212012 0.5
202212021 0.5
202212101 0.5
202212102 0.5
202212110 0.5
202212120 0.5
202212122 0.5
202212201 0.5
202212210 0.5
202212212 0.5
202212221 0.5
202212222 0.5595813760151924
202220111 0.5
202220112 0.5
202220121 0.5
202220211 0.5
202221011 0.5
202221012 0.5
202221021 0.5
202221101 0.5
202221102 0.5
202221110 0.5
202221120 0.5
202221122 0.5
202221201 0.5
202221210 0.5
202221212 0.5
202221221 0.5
202221222 0.5
202222011 0.5
202222101 0.5
202222110 0.5
202222112 0.5
202222121 0.5
202222122 0.5
202222211 0.5
202222212 0.5
202222221 0.5
210000111 0.5
210001011 0.5
210001101 0.5
210001110 0.5
210001112 0.5
210001121 0.5
210001122 0.5
210001211 0.0
210001212 0.5
210001221 0.5
210002111 0.5
210002112 0.5
210002121 0.5
210002211 0.5
210010011 0.5
210010101 0.5
210010110 0.5
210010112 0.5
210010121 0.741300000000001
210010122 0.5
210010211 0.5
210010212 0.5
210010221 0.5
210011001 0.5
210011010 0.5
210011012 0.5
210011021 0.5
210011022 0.5
210011100 0.5
210011102 0.5
210011120 0.5
210011201 0.5
210011202 0.5
210011210 0.5
210011220 0.5
210011222 0.5
210012011 0.5
210012012 0.5
210012021 0.5
210012101 0.5
210012102 0.5
210012110 0.5
210012120 0.5
210012122 0.5
210012201 0.5
210012210 0.5
210012212 1.0
210012221 0.5
210012222 0.5
210020111 0.5
210020112 0.5
210020121 0.5
210020211 0.5
210021011 0.5
210021012 0.5
210021021 0.5
210021101 0.5
210021102 0.5
210021110 0.5
210021120 0.5
210021122 0.5
210021201 0.5
210021210 0.5
210021212 0.5
210021221 0.5
210021222 0.5
210022011 0.5
210022101 0.5
210022110 0.5
210022112 0.5
210022121 0.6164513800000009
210022122 0.5
210022211 0.5
210022212 0.5
210022221 0.5
210100011 0.5
210100101 0.5
210100110 0.5
210100112 0.5
210100121 0.5
210100122 0.5
210100211 0.7427500000000008
210100212 0.5
210100221 0.5
210101001 0.5
210101010 0.5
210101012 0.5
210101021 0.5
210101022 0.5
210101100 0.5
210101102 0.5
210101120 0.5
210101201 0.5
210101202 0.5
210101210 0.5
210101220 0.5
210101222 0.26122499999999876
210102011 0.5
210102012 0.5
210102021 0.5
210102101 0.5
210102102 0.5
210102110 0.5
210102120 0.5
210102122 0.5
210102201 0.5
210102210 0.5
210102212 0.5
210102221 0.0
210102222 0.5
210110001 0.5
210110010 0.5
210110012 0.5
210110021 0.5
210110022 0.5
210110100 0.5
210110102 0.5
210110120 0.5
210110201 0.5
210110202 0.5
210110210 0.5
210110220 0.5
210110222 0.5
210111000 0.5
210111002 0.5
210111020 0.5
210111200 0.5
210112001 0.5
210112002 0.5
210112010 0.5
210112020 0.5
210112022 0.5
210112100 0.5
210112200 0.5
210112202 0.5
210112220 0.5
210120011 0.5
210120012 0.5
210120021 0.5
210120101 0.5
210120102 0.5
210120110 0.5
210120120 0.5
210120122 0.2625249999999986
210120201 0.5
210120210 0.5
210120212 0.5
210120221 0.5
210120222 0.5
210121001 0.5
210121002 0.5
210121010 0.5
210121020 0.5
210121022 0.5
210121100 0.5
210121200 0.5
210121202 0.5
210121220 0.5
210122001 0.5
210122010 0.5
210122012 0.5
210122021 0.5
210122022 0.5
210122100 0.5
210122102 0.5
210122120 0.5
210122201 0.5
210122202 0.5
210122210 0.5
210122220 0.5
210122222 0.5
210200111 0.5
210200112 0.5
210200121 0.5
210200211 0.5
210201011 0.5
210201012 0.5
210201021 0.5
210201101 0.5
210201102 0.5
210201110 0.5
210201120 0.5
210201122 0.5
210201201 0.5
210201210 0.5
210201212 0.5
210201221 0.5
210201222 0.5
210202011 0.5
210202101 0.5
210202110 0.5
210202112 0.5
210202121 0.26212499999999866
210202122 0.5
210202211 0.5
210202212 0.5
210202221 0.5
210210011 0.5
210210012 0.5
210210021 0.5
210210101 0.5
210210102 0.5
210210110 0.5
210210120 0.5
210210122 0.5
210210201 0.5
210210210 0.5
210210212 0.5
210210221 0.5
210210222 0.5
210211001 0.5
210211002 0.5
210211010 0.5
210211020 0.5
210211022 0.5
210211100 0.5
210211200 0.5
210211202 0.5
210211220 0.5
210212001 0.5
210212010 0.5
210212012 0.5
210212021 0.5
210212022 0.5
210212100 0.5
210212102 0.5
210212120 0.5
210212201 0.5
210212202 0.5
210212210 0.5
210212220 0.5
210212222 0.7459500000000004
210220011 0.5
210220101 0.5
210220110 0.5
210220112 0.5
210220121 0.5
210220122 0.5
210220211 0.5
210220212 0.5
210220221 0.5
210221001 0.5
210221010 0.5
210221012 0.5
210221021 0.5
210221022 0.5
210221100 0.5
210221102 0.5
210221120 0.5
210221201 0.5
210221202 0.5
210221210 0.5
210221220 0.5
210221222 0.3775617387499997
210222011 0.5
210222012 0.5
210222021 0.5
210222101 0.5
210222102 0.5
210222110 0.5
210222120 0.5
210222122 0.5
210222201 0.5
210222210 0.5
210222212 0.8728667500000002
210222221 0.259299999999999
210222222 0.531225007499
211000011 0.5
211000101 0.5
211000110 0.5
211000112 0.5
211000121 0.5
211000122 0.5
211000211 0.5
211000212 0.5
211000221 0.5
211001001 0.5
211001010 0.5
211001012 0.5
211001021 0.5
211001022 0.5
211001100 0.5
211001102 0.5
211001120 0.5
211001201 0.5
211001202 0.5
211001210 0.5
211001220 0.5
211001222 0.5
211002011 0.5
211002012 0.5
211002021 0.5
211002101 0.5
211002102 0.5
211002110 0.5
211002120 0.5
211002122 0.0
211002201 0.5
211002210 0.5
211002212 0.5
211002221 0.7427250000000007
211002222 0.5
211010001 0.5
211010010 0.5
211010012 0.5
211010021 0.5
211010022 0.5
211010100 0.5
211010102 0.5
211010120 0.5
211010201 0.5
211010202 0.5
211010210 0.5
211010220 0.5
211010222 0.5
211011000 0.5
211011002 0.5
211011020 0.5
211011200 0.5
211012001 0.5
211012002 0.5
211012010 0.5
211012020 0.5
211012022 0.5
211012100 0.5
211012200 0.5
211012202 0.5
211012220 0.5
211020011 0.5
211020012 0.5
211020021 0.5
211020101 0.5
211020102 0.5
211020110 0.5
211020120 0.5
211020122 0.5
211020201 0.5
211020210 0.5
211020212 0.5
211020221 0.5
211020222 0.5
211021001 0.5
211021002 0.5
211021010 0.5
211021020 0.5
211021022 0.5
211021100 0.5
211021200 0.5
211021202 0.5
211021220 0.5
211022001 0.5
211022010 0.5
211022012 0.5
211022021 0.5
211022022 0.5
211022100 0.5
211022102 0.5
211022120 0.5
211022201 0.5
211022202 0.5
211022210 0.5
211022220 0.5
211022222 0.5
211100001 0.5
211100010 0.5
211100012 0.5
211100021 0.5
211100022 0.5
211100100 0.5
211100102 0.5
211100120 0.5
211100201 0.5
211100202 0.5
211100210 0.5
211100220 0.5
211100222 0.5
211101000 0.5
211101002 0.5
211101020 0.5
211101200 0.5
211102001 0.5
211102002 0.5
211102010 0.5
211102020 0.5
211102022 0.5
211102100 0.5
211102200 0.5
211102202 0.0
211102220 0.5
211110000 0.5
211110002 0.5
211110020 0.5
211110200 0.5
211112000 0.5
211120001 0.5
211120002 0.5
211120010 0.5
211120020 0.5
211120022 0.5
211120100 0.5
211120200 0.5
211120202 0.5
211120220 0.5
211121000 0.5
211122000 0.5
211122002 0.5
211122020 0.5
211122200 0.5
211200011 0.5
211200012 0.5
211200021 0.5
211200101 0.5
211200102 0.5
211200110 0.5
211200120 0.5
211200122 0.5
211200201 0.5
211200210 0.5
211200212 0.5
211200221 0.2573749999999992
211200222 0.5
211201001 0.5
211201002 0.5
211201010 0.5
211201020 0.5
211201022 0.5
211201100 0.5
211201200 0.5
211201202 0.5
211201220 0.5
211202001 0.5
211202010 0.5
211202012 0.5
211202021 0.5
211202022 0.5
211202100 0.5
211202102 0.5
211202120 0.5
211202201 0.5
211202202 0.5
211202210 0.5
211202220 0.5
211202222 0.4458348873884366
211210001 0.5
211210002 0.5
211210010 0.5
211210020 0.5
211210022 0.5
211210100 0.5
211210200 0.5
211210202 0.5
211210220 0.5
211211000 0.5
211212000 0.5
211212002 0.5
211212020 0.5
211212200 0.5
211220001 0.5
211220010 0.5
211220012 0.5
211220021 0.5
211220022 0.5
211220100 0.5
211220102 0.5
211220120 0.5
211220201 0.5
211220202 0.5
211220210 0.5
211220220 0.5
211220222 0.5
211221000 0.5
211221002 0.5
211221020 0.5
211221200 0.5
211222001 0.5
211222002 0.5
211222010 0.5
211222020 0.5
211222022 0.5
211222100 0.5
211222200 0.5
211222202 0.4288939486450418
211222220 0.9699358210682901
212000111 0.5
212000112 0.5
212000121 0.5
212000211 0.5
212001011 0.5
212001012 0.5
212001021 0.5
212001101 0.5
212001102 0.5
212001110 0.5
212001120 0.5
212001122 0.5
212001201 0.5
212001210 0.5
212001212 0.5
212001221 0.25762499999999916
212001222 0.5
212002011 0.5
212002101 0.5
212002110 0.5
212002112 0.5
212002121 0.5
212002122 0.5
212002211 0.5
212002212 0.5
212002221 0.5
212010011 0.5
212010012 0.5
212010021 0.5
212010101 0.5
212010102 0.5
212010110 0.5
212010120 0.5
212010122 0.5
212010201 0.5
212010210 0.5
212010212 0.5
212010221 0.5
212010222 0.5
212011001 0.5
212011002 0.5
212011010 0.5
212011020 0.5
212011022 0.0
212011100 0.5
212011200 0.5
212011202 0.5
212011220 0.5
212012001 0.5
212012010 0.5
212012012 0.5
212012021 0.5
212012022 0.5
212012100 0.5
212012102 0.5
212012120 0.5
212012201 0.5
212012202 0.5
212012210 0.5
212012220 0.5
212012222 0.5
212020011 0.5
212020101 0.5
212020110 0.5
212020112 0.5
212020121 0.5
212020122 0.5
212020211 0.5
212020212 0.5
212020221 0.5
212021001 0.5
212021010 0.5
212021012 0.5
212021021 0.5
212021022 0.5
212021100 0.5
212021102 0.5
212021120 0.5
212021201 0.5
212021202 0.5
212021210 0.5
212021220 0.5
212021222 0.2599499999999989
212022011 0.5
212022012 0.5
212022021 0.5
212022101 0.5
212022102 0.5
212022110 0.5
212022120 0.5
212022122 0.43032326053634345
212022201 0.5
212022210 0.5
212022212 0.5
212022221 0.3758236387499999
212022222 0.5
212100011 0.5
212100012 0.5
212100021 0.5
212100101 0.5
212100102 0.5
212100110 0.5
212100120 0.5
212100122 0.5
212100201 0.5
212100210 0.5
212100212 0.5
212100221 0.2579749999999991
212100222 0.5
212101001 0.5
212101002 0.5
212101010 0.5
212101020 0.5
212101022 0.5
212101100 0.5
212101200 0.5
212101202 0.5
212101220 0.5
212102001 0.5
212102010 0.5
212102012 0.5
212102021 0.5
212102022 0.5
212102100 0.5
212102102 0.5
212102120 0.5
212102201 0.5
212102202 0.5
212102210 0.5
212102220 0.5
212102222 0.26129999999999876
212110001 0.5
212110002 0.5
212110010 0.5
212110020 0.5
212110022 0.5
212110100 0.5
212110200 0.5
212110202 0.5
212110220 0.5
212111000 0.5
212112000 0.5
212112002 0.5
212112020 0.5
212112200 0.5
212120001 0.5
212120010 0.5
212120012 0.5
212120021 0.5
212120022 0.5
212120100 0.5
212120102 0.5
212120120 0.5
212120201 0.5
212120202 0.5
212120210 0.5
212120220 0.5
212120222 0.5
212121000 0.5
212121002 0.5
212121020 0.5
212121200 0.5
212122001 0.5
212122002 0.5
212122010 0.5
212122020 0.5
212122022 0.5
212122100 0.5
212122200 0.5
212122202 0.37634635499999985
212122220 0.25147499999999984
212200011 0.5
212200101 0.5
212200110 0.5
212200112 0.5
212200121 0.5
212200122 0.5
212200211 0.5
212200212 0.5
212200221 0.5
212201001 0.5
212201010 0.5
212201012 0.5
212201021 0.5
212201022 0.5
212201100 0.5
212201102 0.5
212201120 0.5
212201201 0.0
212201202 0.5
212201210 0.5
212201220 0.5
212201222 0.4485012678140613
212202011 0.5
212202012 0.5
212202021 0.5
212202101 0.5
212202102 0.5
212202110 0.5
212202120 0.5
212202122 0.3184535089444993
212202201 0.5
212202210 0.5
212202212 0.3862831949999988
212202221 0.31403037436908354
212202222 0.5
212210001 0.5
212210010 0.5
212210012 0.5
212210021 0.5
212210022 0.5
212210100 0.5
212210102 0.5
212210120 0.5
212210201 0.5
212210202 0.5
212210210 0.5
212210220 0.5
212210222 0.5
212211000 0.5
212211002 0.5
212211020 0.5
212211200 0.5
212212001 0.5
212212002 0.5
212212010 0.5
212212020 0.5
212212022 0.5
212212100 0.5
212212200 0.5
212212202 0.5
212212220 0.5
212220011 0.5
212220012 0.5
212220021 0.5
212220101 0.5
212220102 0.5
212220110 0.5
212220120 0.5
212220122 0.4482907149443114
212220201 0.5
212220210 0.5
212220212 0.6229088200000003
212220221 0.37711596874999975
212220222 0.5
212221001 0.5
212221002 0.5
212221010 0.5
212221020 0.5
212221022 0.2554249999999994
212221100 0.5
212221200 0.5
212221202 0.6410135672460502
212221220 0.5
212222001 0.5
212222010 0.5
212222012 0.25407499999999955
212222021 0.5
212222022 0.5
212222100 0.5
212222102 0.5
212222120 0.383741579999999
212222201 0.5
212222202 0.5
212222210 0.5
212222220 0.5
212222222 0.4024096424993416
220001111 0.5
220001112 0.5
220001121 0.5
220001211 0.5
220002111 0.5
220010111 0.5
220010112 0.5
220010121 0.5
220010211 0.5
220011011 0.5
220011012 0.5
220011021 0.5
220011101 0.5
220011102 0.5
220011110 0.5
220011120 0.5
220011122 0.5
220011201 0.5
220011210 0.5
220011212 0.5
220011221 0.5
220011222 0.5
220012011 0.5
220012101 0.5
220012110 0.5
220012112 0.5
220012121 0.5
220012122 0.5
220012211 0.5
220012212 0.5
220012221 0.5
220020111 0.5
220021011 0.5
220021101 0.5
220021110 0.5
220021112 0.5
220021121 0.5
220021122 0.5
220021211 0.5
220021212 0.5
220021221 0.5
220022111 0.5
220022112 0.5
220022121 0.5
220022211 0.5
220100111 0.5
220100112 0.5
220100121 0.5
220100211 0.5
220101011 0.5
220101012 0.5
220101021 0.5
220101101 0.5
220101102 0.5
220101110 0.5
220101120 0.5
220101122 0.5
220101201 0.5
220101210 0.5
220101212 0.5
220101221 0.5
220101222 0.5
220102011 0.5
220102101 0.5
220102110 0.5
220102112 0.5
220102121 0.7370750000000015
220102122 0.5
220102211 0.5
220102212 0.5
220102221 0.5
220110011 0.5
220110012 0.5
220110021 0.5
220110101 0.5
220110102 0.5
220110110 0.5
220110120 0.5
220110122 0.5
220110201 0.5
220110210 0.5
220110212 0.5
220110221 0.5
220110222 0.5
220111001 0.5
220111002 0.5
220111010 0.5
220111020 0.5
220111022 0.5
220111100 0.5
220111200 0.5
220111202 0.5
220111220 0.5
220112001 0.5
220112010 0.5
220112012 0.5
220112021 0.5
220112022 0.5
220112100 0.5
220112102 0.5
220112120 0.5
220112201 0.5
220112202 0.5
220112210 0.5
220112220 0.5
220112222 0.5
220120011 0.5
220120101 0.5
220120110 0.5
220120112 0.5
220120121 0.5
220120122 0.5
220120211 0.5
220120212 0.5
220120221 0.5
220121001 0.5
220121010 0.5
220121012 0.5
220121021 0.5
220121022 0.5
220121100 0.5
220121102 0.5
220121120 0.5
220121201 0.5
220121202 0.5
220121210 0.5
220121220 0.5
220121222 0.8712229262500004
220122011 0.5
220122012 0.5
220122021 0.5
220122101 0.5
220122102 0.5
220122110 0.5
220122120 0.5
220122122 0.5
220122201 0.5
220122210 0.5
220122212 0.5
220122221 0.2599999999999989
220122222 0.5
220200111 0.5
220201011 0.5
220201101 0.5
220201110 0.5
220201112 0.5
220201121 0.5
220201122 0.5
220201211 0.5
220201212 0.5
220201221 0.5
220202111 0.5
220202112 0.5
220202121 0.5
220202211 0.5
220210011 0.5
220210101 0.5
220210110 0.5
220210112 0.5
220210121 0.5
220210122 0.5
220210211 0.5
220210212 0.5
220210221 0.5
220211001 0.5
220211010 0.5
220211012 0.5
220211021 0.5
220211022 0.5
220211100 0.5
220211102 0.5
220211120 0.5
220211201 0.5
220211202 0.5
220211210 0.5
220211220 0.5
220211222 0.5
220212011 0.5
220212012 0.5
220212021 0.5
220212101 0.5
220212102 0.5
220212110 0.5
220212120 0.5
220212122 0.5
220212201 0.5
220212210 0.5
220212212 0.5
220212221 0.7668675834767237
220212222 0.5
220220111 0.5
220220112 0.5
220220121 0.5
220220211 0.5
220221011 0.5
220221012 0.5
220221021 0.5
220221101 0.5
220221102 0.5
220221110 0.5
220221120 0.5
220221122 0.5
220221201 0.5
220221210 0.5
220221212 0.5
220221221 0.5
220221222 0.5
220222011 0.5
220222101 0.5
220222110 0.5
220222112 0.5
220222121 0.29345409570968073
220222122 0.5
220222211 0.5
220222212 0.5
220222221 0.5
221000111 0.5
221000112 0.5
221000121 0.5
221000211 0.5
221001011 0.5
221001012 0.5
221001021 0.5
221001101 0.5
221001102 0.5
221001110 0.5
221001120 0.5
221001122 0.5
221001201 0.5
221001210 0.5
221001212 0.5
221001221 1.0
221001222 0.5
221002011 0.5
221002101 0.5
221002110 0.5
221002112 0.5
221002121 0.5
221002122 0.5
221002211 0.5
221002212 0.5
221002221 0.5
221010011 0.5
221010012 0.5
221010021 0.5
221010101 0.5
221010102 0.5
221010110 0.5
221010120 0.5
221010122 0.5
221010201 0.5
221010210 0.5
221010212 0.5
221010221 0.5
221010222 0.5
221011001 0.5
221011002 0.5
221011010 0.5
221011020 0.5
221011022 0.5
221011100 0.5
221011200 0.5
221011202 0.5
221011220 0.5
221012001 0.5
221012010 0.5
221012012 0.5
221012021 0.5
221012022 0.5
221012100 0.5
221012102 0.5
221012120 0.5
221012201 0.5
221012202 0.5
221012210 0.5
221012220 0.5
221012222 0.5
221020011 0.5
221020101 0.5
221020110 0.5
221020112 0.5
221020121 0.5
221020122 0.5
221020211 0.5
221020212 0.5
221020221 0.5
221021001 0.5
221021010 0.5
221021012 0.5
221021021 0.5
221021022 0.5
221021100 0.5
221021102 0.5
221021120 0.5
221021201 0.5
221021202 0.5
221021210 0.5
221021220 0.5
221021222 0.38487198874999895
221022011 0.5
221022012 0.5
221022021 0.5
221022101 0.5
221022102 0.5
221022110 0.5
221022120 0.5
221022122 0.40017476525213647
221022201 0.5
221022210 0.5
221022212 0.5
221022221 0.8343361796919542
221022222 0.5
221100011 0.5
221100012 0.5
221100021 0.5
221100101 0.5
221100102 0.5
221100110 0.5
221100120 0.5
221100122 0.5
221100201 0.5
221100210 0.5
221100212 0.5
221100221 0.5
221100222 0.5
221101001 0.5
221101002 0.5
221101010 0.5
221101020 0.5
221101022 0.5
221101100 0.5
221101200 0.5
221101202 0.5
221101220 0.5
221102001 0.5
221102010 0.5
221102012 0.5
221102021 0.5
221102022 0.5
221102100 0.5
221102102 0.5
221102120 0.5
221102201 0.5
221102202 0.5
221102210 0.5
221102220 0.5
221102222 0.25000445000000016
221110001 0.5
221110002 0.5
221110010 0.5
221110020 0.5
221110022 0.5
221110100 0.5
221110200 0.5
221110202 0.5
221110220 0.5
221111000 0.5
221112000 0.5
221112002 0.5
221112020 0.5
221112200 0.5
221120001 0.5
221120010 0.5
221120012 0.5
221120021 0.5
221120022 0.5
221120100 0.5
221120102 0.5
221120120 0.5
221120201 0.5
221120202 0.5
221120210 0.5
221120220 0.5
221120222 0.5
221121000 0.5
221121002 0.5
221121020 0.5
221121200 0.5
221122001 0.5
221122002 0.5
221122010 0.5
221122020 0.5
221122022 0.5
221122100 0.5
221122200 0.5
221122202 0.34599716698623045
221122220 0.5
221200011 0.5
221200101 0.5
221200110 0.5
221200112 0.5
221200121 0.5
221200122 0.5
221200211 0.5
221200212 0.5
221200221 0.5
221201001 0.5
221201010 0.5
221201012 0.5
221201021 0.5
221201022 0.5
221201100 0.5
221201102 0.5
221201120 0.5
221201201 0.5
221201202 0.5
221201210 0.5
221201220 0.5
221201222 0.820306046841581
221202011 0.5
221202012 0.5
221202021 0.5
221202101 0.5
221202102 0.5
221202110 0.5
221202120 0.5
221202122 0.27678212958158926
221202201 0.5
221202210 0.5
221202212 0.5
221202221 0.3169805565437495
221202222 0.5
221210001 0.5
221210010 0.5
221210012 0.5
221210021 0.5
221210022 0.5
221210100 0.5
221210102 0.5
221210120 0.5
221210201 0.5
221210202 0.5
221210210 0.5
221210220 0.5
221210222 0.5
221211000 0.5
221211002 0.5
221211020 0.5
221211200 0.5
221212001 0.5
221212002 0.5
221212010 0.5
221212020 0.5
221212022 0.5
221212100 0.5
221212200 0.5
221212202 0.7499939499999998
221212220 0.5
221220011 0.5
221220012 0.5
221220021 0.5
221220101 0.5
221220102 0.5
221220110 0.5
221220120 0.5
221220122 0.5
221220201 0.5
221220210 0.5
221220212 0.5
221220221 0.37714075499999977
221220222 0.5
221221001 0.5
221221002 0.5
221221010 0.5
221221020 0.5
221221022 0.8077826187949575
221221100 0.5
221221200 0.5
221221202 0.3785494387499996
221221220 0.5
221222001 0.5
221222010 0.5
221222012 0.5
221222021 0.5
221222022 0.5
221222100 0.5
221222102 0.5
221222120 0.383837999999999
221222201 0.5
221222202 0.5
221222210 0.5
221222220 0.5
221222222 0.765405220961993
222000111 0.5
222001011 0.5
222001101 0.5
222001110 0.5
222001112 0.5
222001121 0.5
222001122 0.5
222001211 0.5
222001212 0.5
222001221 0.5
222002111 0.5
222002112 0.5
222002121 0.5
222002211 0.5
222010011 0.5
222010101 0.5
222010110 0.5
222010112 0.5
222010121 0.5
222010122 0.5
222010211 0.5
222010212 0.5
222010221 0.5
222011001 0.5
222011010 0.5
222011012 0.5
222011021 0.5
222011022 0.5
222011100 0.5
222011102 0.5
222011120 0.5
222011201 0.5
222011202 0.5
222011210 0.5
222011220 0.5
222011222 0.23640034295458176
222012011 0.5
222012012 0.5
222012021 0.5
222012101 0.5
222012102 0.5
222012110 0.5
222012120 0.5
222012122 0.8124994624997874
222012201 0.5
222012210 0.5
222012212 0.7458750000000005
222012221 0.4411434292649996
222012222 0.5
222020111 0.5
222020112 0.5
222020121 0.5
222020211 0.5
222021011 0.5
222021012 0.5
222021021 0.5
222021101 0.5
222021102 0.5
222021110 0.5
222021120 0.5
222021122 0.4660483181264774
222021201 0.5
222021210 0.5
222021212 0.3871399949999987
222021221 0.375
222021222 0.5600757863693128
222022011 0.5
222022101 0.5
222022110 0.5
222022112 0.5
222022121 0.5
222022122 0.5
222022211 0.6206878450000005
222022212 0.5
222022221 0.5
222100011 0.5
222100101 0.5
222100110 0.5
222100112 0.5
222100121 0.5
222100122 0.5
222100211 0.5
222100212 0.5
222100221 0.5
222101001 0.5
222101010 0.5
222101012 0.5
222101021 0.5
222101022 0.5
222101100 0.5
222101102 0.5
222101120 0.5
222101201 0.5
222101202 0.5
222101210 0.5
222101220 0.5
222101222 0.3783028887499996
222102011 0.5
222102012 0.5
222102021 0.5
222102101 0.5
222102102 0.5
222102110 0.5
222102120 0.5
222102122 0.38735368874999865
222102201 0.5
222102210 0.5
222102212 0.5
222102221 0.2852722770781253
222102222 0.5
222110001 0.5
222110010 0.5
222110012 0.5
222110021 0.5
222110022 0.5
222110100 0.5
222110102 0.5
222110120 0.5
222110201 0.5
222110202 0.5
222110210 0.5
222110220 0.5
222110222 0.5
222111000 0.5
222111002 0.5
222111020 0.5
222111200 0.5
222112001 0.5
222112002 0.5
222112010 0.5
222112020 0.5
222112022 0.5
222112100 0.5
222112200 0.5
222112202 0.5
222112220 0.5
222120011 0.5
222120012 0.5
222120021 0.5
222120101 0.5
222120102 0.5
222120110 0.5
222120120 0.5
222120122 0.5
222120201 0.5
222120210 0.5
222120212 0.5
222120221 0.37726464874999976
222120222 0.5
222121001 0.5
222121002 0.5
222121010 0.5
222121020 0.5
222121022 0.5
222121100 0.5
222121200 0.5
222121202 0.5
222121220 0.5
222122001 0.5
222122010 0.5
222122012 0.5
222122021 0.5
222122022 0.5
222122100 0.5
222122102 0.5
222122120 0.38415108874999904
222122201 0.5
222122202 0.5
222122210 0.5
222122220 0.5
222122222 0.28587826051259146
222200111 0.5
222200112 0.5
222200121 0.5
222200211 0.5
222201011 0.5
222201012 0.5
222201021 0.5
222201101 0.5
222201102 0.5
222201110 0.5
222201120 0.5
222201122 0.39618046079371483
222201201 0.5
222201210 0.5
222201212 0.5
222201221 0.3056587597592137
222201222 0.5
222202011 0.5
222202101 0.5
222202110 0.5
222202112 0.37500044999959503
222202121 0.3355553988091898
222202122 0.5580743526788737
222202211 0.24310096073780277
222202212 0.5
222202221 0.5
222210011 0.5
222210012 0.5
222210021 0.5
222210101 0.5
222210102 0.5
222210110 0.5
222210120 0.5
222210122 0.5
222210201 0.5
222210210 0.5
222210212 0.5
222210221 0.8842600658331065
222210222 0.5
222211001 0.5
222211002 0.5
222211010 0.5
222211020 0.5
222211022 0.615512211250001
222211100 0.5
222211200 0.5
222211202 0.5
222211220 0.5
222212001 0.5
222212010 0.5
222212012 0.5
222212021 0.5
222212022 0.5
222212100 0.5
222212102 0.5
222212120 0.384295448749999
222212201 0.5
222212202 0.5
222212210 0.5
222212220 0.5
222212222 0.2946754390470142
222220011 0.5
222220101 0.5
222220110 0.5
222220112 0.5
222220121 0.6074645734186492
222220122 0.5
222220211 0.5
222220212 0.5
222220221 0.5
222221001 0.5
222221010 0.5
222221012 0.5
222221021 0.5
222221022 0.5
222221100 0.5
222221102 0.5
222221120 0.3171723124549878
222221201 0.5
222221202 0.5
222221210 0.5
222221220 0.5
222221222 0.32678255942217344
222222011 0.5
222222012 0.5
222222021 0.5
222222101 0.5
222222102 0.5
222222110 0.317184297177028
222222120 0.5
222222122 0.370305482402592
222222201 0.5
222222210 0.5
222222212 0.33073657162515896
222222221 0.0
